{
  "camera_model": "OPENCV",
  "fl_x": 633.208601523277,
  "fl_y": 633.208601523277,
  "cx": 408.1335098723992,
  "cy": 245.75353289647379,
  "w": 800,
  "h": 450,
  "k1": 0.0,
  "k2": 0.0,
  "p1": 0.0,
  "p2": 0.0,
  "frames": [
    {
      "file_path": "images/CAM_BACK_frame_0000.jpg",
      "transform_matrix": [
        [
          0.9373457684798515,
          -0.014205508643640518,
          0.34811077811107166,
          411.3230968396795
        ],
        [
          -0.34747927000093726,
          0.03449474193854729,
          0.9370529705935584,
          1180.8351162635538
        ],
        [
          -0.025319305530283918,
          -0.9993039158848367,
          0.02739738061741741,
          1.578277811300595
        ],
        [
          0.0,
          0.0,
          0.0,
          1.0
        ]
      ],
      "camera_id": "CAM_BACK",
      "fl_x": 404.61049528385314,
      "fl_y": 404.61049528385314,
      "cx": 414.6098001629919,
      "cy": 240.88921192256242,
      "w": 800,
      "h": 450,
      "mask_path": "masks/CAM_BACK_mask_0000.png"
    },
    {
      "file_path": "images/CAM_BACK_frame_0004.jpg",
      "transform_matrix": [
        [
          0.9381140939721314,
          -0.01735005195468392,
          0.3458914893257959,
          410.4877930358078
        ],
        [
          -0.34512853401780136,
          0.036159585680623524,
          0.9378586137420337,
          1178.5762800547666
        ],
        [
          -0.02877918861904657,
          -0.9991954063448129,
          0.02793381896293293,
          1.578115107873427
        ],
        [
          0.0,
          0.0,
          0.0,
          1.0
        ]
      ],
      "camera_id": "CAM_BACK",
      "fl_x": 404.61049528385314,
      "fl_y": 404.61049528385314,
      "cx": 414.6098001629919,
      "cy": 240.88921192256242,
      "w": 800,
      "h": 450,
      "mask_path": "masks/CAM_BACK_mask_0004.png"
    },
    {
      "file_path": "images/CAM_BACK_frame_0008.jpg",
      "transform_matrix": [
        [
          0.9398205708982977,
          -0.012120229013514675,
          0.34145335635348295,
          409.4159814628089
        ],
        [
          -0.3407942529462579,
          0.038188332988073906,
          0.9393619794213488,
          1175.674489696604
        ],
        [
          -0.024424816789497317,
          -0.9991970532744039,
          0.03175967651830751,
          1.5780983641094757
        ],
        [
          0.0,
          0.0,
          0.0,
          1.0
        ]
      ],
      "camera_id": "CAM_BACK",
      "fl_x": 404.61049528385314,
      "fl_y": 404.61049528385314,
      "cx": 414.6098001629919,
      "cy": 240.88921192256242,
      "w": 800,
      "h": 450,
      "mask_path": "masks/CAM_BACK_mask_0008.png"
    },
    {
      "file_path": "images/CAM_BACK_frame_0012.jpg",
      "transform_matrix": [
        [
          0.9416536141116012,
          -0.015639076492913365,
          0.3362200028508257,
          408.38295498347037
        ],
        [
          -0.33547870543969105,
          0.03726070324239773,
          0.9413106172727425,
          1172.8014066621852
        ],
        [
          -0.027249022497502502,
          -0.9991831960558238,
          0.029840098736428688,
          1.5780879731030062
        ],
        [
          0.0,
          0.0,
          0.0,
          1.0
        ]
      ],
      "camera_id": "CAM_BACK",
      "fl_x": 404.61049528385314,
      "fl_y": 404.61049528385314,
      "cx": 414.6098001629919,
      "cy": 240.88921192256242,
      "w": 800,
      "h": 450,
      "mask_path": "masks/CAM_BACK_mask_0012.png"
    },
    {
      "file_path": "images/CAM_BACK_frame_0016.jpg",
      "transform_matrix": [
        [
          0.9432437035860884,
          -0.01582179816349261,
          0.33172426252547943,
          407.5183958205856
        ],
        [
          -0.33094399697146204,
          0.03853788584629028,
          0.9428631407702028,
          1170.380655208171
        ],
        [
          -0.027701742070714477,
          -0.9991318742074902,
          0.031114489050530658,
          1.578005796634022
        ],
        [
          0.0,
          0.0,
          0.0,
          1.0
        ]
      ],
      "camera_id": "CAM_BACK",
      "fl_x": 404.61049528385314,
      "fl_y": 404.61049528385314,
      "cx": 414.6098001629919,
      "cy": 240.88921192256242,
      "w": 800,
      "h": 450,
      "mask_path": "masks/CAM_BACK_mask_0016.png"
    },
    {
      "file_path": "images/CAM_BACK_frame_0025.jpg",
      "transform_matrix": [
        [
          0.9468799293160504,
          -0.011975304989437573,
          0.3213642661044344,
          405.42506923340494
        ],
        [
          -0.32079867152584535,
          0.034768346596160675,
          0.9465090461386103,
          1164.298439578605
        ],
        [
          -0.022508038690311143,
          -0.9993236483469103,
          0.029079787635680053,
          1.5782979618582627
        ],
        [
          0.0,
          0.0,
          0.0,
          1.0
        ]
      ],
      "camera_id": "CAM_BACK",
      "fl_x": 404.61049528385314,
      "fl_y": 404.61049528385314,
      "cx": 414.6098001629919,
      "cy": 240.88921192256242,
      "w": 800,
      "h": 450,
      "mask_path": "masks/CAM_BACK_mask_0025.png"
    },
    {
      "file_path": "images/CAM_BACK_frame_0029.jpg",
      "transform_matrix": [
        [
          0.947951443198394,
          -0.011036172725182824,
          0.3182236072790047,
          404.62916251815216
        ],
        [
          -0.31763483509551005,
          0.037138426743277025,
          0.94748554014976,
          1161.9886051148587
        ],
        [
          -0.022274938202618427,
          -0.9992491882161397,
          0.03169995232575817,
          1.578174802817088
        ],
        [
          0.0,
          0.0,
          0.0,
          1.0
        ]
      ],
      "camera_id": "CAM_BACK",
      "fl_x": 404.61049528385314,
      "fl_y": 404.61049528385314,
      "cx": 414.6098001629919,
      "cy": 240.88921192256242,
      "w": 800,
      "h": 450,
      "mask_path": "masks/CAM_BACK_mask_0029.png"
    },
    {
      "file_path": "images/CAM_BACK_frame_0033.jpg",
      "transform_matrix": [
        [
          0.949958608304364,
          -0.013941513910863144,
          0.31206453931568356,
          403.80141959204605
        ],
        [
          -0.311420365347985,
          0.035807517971934766,
          0.9495973766303368,
          1159.496400915888
        ],
        [
          -0.02441308163596072,
          -0.99926145519907,
          0.029673988583827526,
          1.5782039517317716
        ],
        [
          0.0,
          0.0,
          0.0,
          1.0
        ]
      ],
      "camera_id": "CAM_BACK",
      "fl_x": 404.61049528385314,
      "fl_y": 404.61049528385314,
      "cx": 414.6098001629919,
      "cy": 240.88921192256242,
      "w": 800,
      "h": 450,
      "mask_path": "masks/CAM_BACK_mask_0033.png"
    },
    {
      "file_path": "images/CAM_BACK_frame_0037.jpg",
      "transform_matrix": [
        [
          0.9512068452017285,
          -0.0181770116315397,
          0.30801807396567166,
          403.1075745546148
        ],
        [
          -0.30729928568429865,
          0.0341242565574977,
          0.951000885452962,
          1157.3621933075494
        ],
        [
          -0.027797241936833788,
          -0.9992522861432668,
          0.026873443734664337,
          1.5782041812870968
        ],
        [
          0.0,
          0.0,
          0.0,
          1.0
        ]
      ],
      "camera_id": "CAM_BACK",
      "fl_x": 404.61049528385314,
      "fl_y": 404.61049528385314,
      "cx": 414.6098001629919,
      "cy": 240.88921192256242,
      "w": 800,
      "h": 450,
      "mask_path": "masks/CAM_BACK_mask_0037.png"
    },
    {
      "file_path": "images/CAM_BACK_frame_0041.jpg",
      "transform_matrix": [
        [
          0.9524677726140882,
          -0.018690526265632317,
          0.3040654639374089,
          402.3224810779933
        ],
        [
          -0.3031859295763689,
          0.03922486590763965,
          0.9521237850203306,
          1154.9421482469577
        ],
        [
          -0.029722621662144705,
          -0.9990555911071423,
          0.03169371608201844,
          1.5778898854584624
        ],
        [
          0.0,
          0.0,
          0.0,
          1.0
        ]
      ],
      "camera_id": "CAM_BACK",
      "fl_x": 404.61049528385314,
      "fl_y": 404.61049528385314,
      "cx": 414.6098001629919,
      "cy": 240.88921192256242,
      "w": 800,
      "h": 450,
      "mask_path": "masks/CAM_BACK_mask_0041.png"
    },
    {
      "file_path": "images/CAM_BACK_frame_0045.jpg",
      "transform_matrix": [
        [
          0.9535699663972734,
          -0.020667375872601763,
          0.3004616094605834,
          401.56351737489024
        ],
        [
          -0.2994251877404565,
          0.042223442526915456,
          0.953185049110491,
          1152.5586967289328
        ],
        [
          -0.03238635718471419,
          -0.9988944090722087,
          0.034074673770811505,
          1.5776383115891826
        ],
        [
          0.0,
          0.0,
          0.0,
          1.0
        ]
      ],
      "camera_id": "CAM_BACK",
      "fl_x": 404.61049528385314,
      "fl_y": 404.61049528385314,
      "cx": 414.6098001629919,
      "cy": 240.88921192256242,
      "w": 800,
      "h": 450,
      "mask_path": "masks/CAM_BACK_mask_0045.png"
    },
    {
      "file_path": "images/CAM_BACK_frame_0049.jpg",
      "transform_matrix": [
        [
          0.9555196577589721,
          -0.01713727315897066,
          0.29442910437803566,
          400.8652370719432
        ],
        [
          -0.2937672035688531,
          0.0331599904210329,
          0.9553016513869392,
          1150.350826161264
        ],
        [
          -0.02613453162988255,
          -0.9993031216322462,
          0.02665065388568967,
          1.5782802356733623
        ],
        [
          0.0,
          0.0,
          0.0,
          1.0
        ]
      ],
      "camera_id": "CAM_BACK",
      "fl_x": 404.61049528385314,
      "fl_y": 404.61049528385314,
      "cx": 414.6098001629919,
      "cy": 240.88921192256242,
      "w": 800,
      "h": 450,
      "mask_path": "masks/CAM_BACK_mask_0049.png"
    },
    {
      "file_path": "images/CAM_BACK_frame_0053.jpg",
      "transform_matrix": [
        [
          0.9567948914310932,
          -0.014522871839369405,
          0.2904007953241524,
          400.23021420792935
        ],
        [
          -0.2897875792447802,
          0.03414069670480306,
          0.9564818721460231,
          1148.3227733244078
        ],
        [
          -0.02380534912185214,
          -0.9993115125035076,
          0.02845709632304077,
          1.578283589784492
        ],
        [
          0.0,
          0.0,
          0.0,
          1.0
        ]
      ],
      "camera_id": "CAM_BACK",
      "fl_x": 404.61049528385314,
      "fl_y": 404.61049528385314,
      "cx": 414.6098001629919,
      "cy": 240.88921192256242,
      "w": 800,
      "h": 450,
      "mask_path": "masks/CAM_BACK_mask_0053.png"
    },
    {
      "file_path": "images/CAM_BACK_frame_0057.jpg",
      "transform_matrix": [
        [
          0.9589265902390987,
          -0.013746103010946413,
          0.2833210884922416,
          399.55466289840774
        ],
        [
          -0.2827670110534284,
          0.0326185745835032,
          0.9586338435774375,
          1146.095550848922
        ],
        [
          -0.022419009619658294,
          -0.9993733402708685,
          0.027391874041780496,
          1.578379355864637
        ],
        [
          0.0,
          0.0,
          0.0,
          1.0
        ]
      ],
      "camera_id": "CAM_BACK",
      "fl_x": 404.61049528385314,
      "fl_y": 404.61049528385314,
      "cx": 414.6098001629919,
      "cy": 240.88921192256242,
      "w": 800,
      "h": 450,
      "mask_path": "masks/CAM_BACK_mask_0057.png"
    },
    {
      "file_path": "images/CAM_BACK_frame_0061.jpg",
      "transform_matrix": [
        [
          0.961108049184118,
          -0.011790943278389887,
          0.27592080648277656,
          399.00844083868816
        ],
        [
          -0.2754347905422304,
          0.03205821623787167,
          0.9607850680202122,
          1144.2532170357026
        ],
        [
          -0.020174091118502935,
          -0.9994164519499625,
          0.027563773676524694,
          1.5784408439387954
        ],
        [
          0.0,
          0.0,
          0.0,
          1.0
        ]
      ],
      "camera_id": "CAM_BACK",
      "fl_x": 404.61049528385314,
      "fl_y": 404.61049528385314,
      "cx": 414.6098001629919,
      "cy": 240.88921192256242,
      "w": 800,
      "h": 450,
      "mask_path": "masks/CAM_BACK_mask_0061.png"
    },
    {
      "file_path": "images/CAM_BACK_frame_0065.jpg",
      "transform_matrix": [
        [
          0.9670166265541087,
          -0.014162800985517223,
          0.25431920697453597,
          398.1863161691023
        ],
        [
          -0.25361356738975543,
          0.03914252413026798,
          0.966513332158721,
          1141.3075750591306
        ],
        [
          -0.0236432316690043,
          -0.999133263320242,
          0.03425959315709625,
          1.5779907483058446
        ],
        [
          0.0,
          0.0,
          0.0,
          1.0
        ]
      ],
      "camera_id": "CAM_BACK",
      "fl_x": 404.61049528385314,
      "fl_y": 404.61049528385314,
      "cx": 414.6098001629919,
      "cy": 240.88921192256242,
      "w": 800,
      "h": 450,
      "mask_path": "masks/CAM_BACK_mask_0065.png"
    },
    {
      "file_path": "images/CAM_BACK_frame_0069.jpg",
      "transform_matrix": [
        [
          0.9713307532097137,
          -0.020656020947117836,
          0.23683305653494355,
          397.7887822483337
        ],
        [
          -0.2358681201546211,
          0.040772922573103526,
          0.9709293479340162,
          1139.7299304012984
        ],
        [
          -0.029711912825947037,
          -0.9989549026775333,
          0.03473189676282269,
          1.5777251415485387
        ],
        [
          0.0,
          0.0,
          0.0,
          1.0
        ]
      ],
      "camera_id": "CAM_BACK",
      "fl_x": 404.61049528385314,
      "fl_y": 404.61049528385314,
      "cx": 414.6098001629919,
      "cy": 240.88921192256242,
      "w": 800,
      "h": 450,
      "mask_path": "masks/CAM_BACK_mask_0069.png"
    },
    {
      "file_path": "images/CAM_BACK_frame_0073.jpg",
      "transform_matrix": [
        [
          0.9796224152309744,
          -0.03342011064127031,
          0.19804802392792956,
          397.23451681060203
        ],
        [
          -0.19680932700694914,
          0.037021217346696646,
          0.9797425775525122,
          1137.188699152779
        ],
        [
          -0.04007508428068784,
          -0.9987554884309242,
          0.02968942486815552,
          1.5774486245621158
        ],
        [
          0.0,
          0.0,
          0.0,
          1.0
        ]
      ],
      "camera_id": "CAM_BACK",
      "fl_x": 404.61049528385314,
      "fl_y": 404.61049528385314,
      "cx": 414.6098001629919,
      "cy": 240.88921192256242,
      "w": 800,
      "h": 450,
      "mask_path": "masks/CAM_BACK_mask_0073.png"
    },
    {
      "file_path": "images/CAM_BACK_frame_0077.jpg",
      "transform_matrix": [
        [
          0.9843502688655198,
          -0.04056666724835633,
          0.17149021456846975,
          396.92844430329933
        ],
        [
          -0.16968609139128935,
          0.04439943754083292,
          0.9844974963576111,
          1135.4973393581474
        ],
        [
          -0.04755185141217578,
          -0.998189879459023,
          0.03682099907465203,
          1.576562878689896
        ],
        [
          0.0,
          0.0,
          0.0,
          1.0
        ]
      ],
      "camera_id": "CAM_BACK",
      "fl_x": 404.61049528385314,
      "fl_y": 404.61049528385314,
      "cx": 414.6098001629919,
      "cy": 240.88921192256242,
      "w": 800,
      "h": 450,
      "mask_path": "masks/CAM_BACK_mask_0077.png"
    },
    {
      "file_path": "images/CAM_BACK_frame_0081.jpg",
      "transform_matrix": [
        [
          0.9910216543849779,
          -0.04013422346159296,
          0.12753558188676972,
          396.62042260400256
        ],
        [
          -0.12654571915223387,
          0.026317094463707166,
          0.9916116132353597,
          1133.5699014725878
        ],
        [
          -0.04315392802869645,
          -0.9988476633832224,
          0.02100199632346497,
          1.577619085542641
        ],
        [
          0.0,
          0.0,
          0.0,
          1.0
        ]
      ],
      "camera_id": "CAM_BACK",
      "fl_x": 404.61049528385314,
      "fl_y": 404.61049528385314,
      "cx": 414.6098001629919,
      "cy": 240.88921192256242,
      "w": 800,
      "h": 450,
      "mask_path": "masks/CAM_BACK_mask_0081.png"
    },
    {
      "file_path": "images/CAM_BACK_frame_0085.jpg",
      "transform_matrix": [
        [
          0.9965152246476842,
          -0.04049793252095557,
          0.07291998701936257,
          396.4261339005083
        ],
        [
          -0.07217585748187041,
          0.01954422078059836,
          0.9972004156792336,
          1131.7282218394114
        ],
        [
          -0.041809719469671096,
          -0.9989884588400446,
          0.01655314055579892,
          1.5778460256765579
        ],
        [
          0.0,
          0.0,
          0.0,
          1.0
        ]
      ],
      "camera_id": "CAM_BACK",
      "fl_x": 404.61049528385314,
      "fl_y": 404.61049528385314,
      "cx": 414.6098001629919,
      "cy": 240.88921192256242,
      "w": 800,
      "h": 450,
      "mask_path": "masks/CAM_BACK_mask_0085.png"
    },
    {
      "file_path": "images/CAM_BACK_frame_0090.jpg",
      "transform_matrix": [
        [
          0.9991600077148793,
          -0.040963768017779276,
          -0.001117449322484647,
          396.34702546347324
        ],
        [
          0.001963331134305933,
          0.02061510200929635,
          0.9997855584574142,
          1129.684747043391
        ],
        [
          -0.04093194735240203,
          -0.9989479402245803,
          0.020678210923779246,
          1.5777718504921836
        ],
        [
          0.0,
          0.0,
          0.0,
          1.0
        ]
      ],
      "camera_id": "CAM_BACK",
      "fl_x": 404.61049528385314,
      "fl_y": 404.61049528385314,
      "cx": 414.6098001629919,
      "cy": 240.88921192256242,
      "w": 800,
      "h": 450,
      "mask_path": "masks/CAM_BACK_mask_0090.png"
    },
    {
      "file_path": "images/CAM_BACK_frame_0094.jpg",
      "transform_matrix": [
        [
          0.9967792810848065,
          -0.04485022990302022,
          -0.06647948313354225,
          396.40935803512906
        ],
        [
          0.06715827966842097,
          0.013799969931774514,
          0.9976468945984147,
          1127.968049881243
        ],
        [
          -0.04382727771645014,
          -0.9988984020947919,
          0.01676758839060605,
          1.577709034979486
        ],
        [
          0.0,
          0.0,
          0.0,
          1.0
        ]
      ],
      "camera_id": "CAM_BACK",
      "fl_x": 404.61049528385314,
      "fl_y": 404.61049528385314,
      "cx": 414.6098001629919,
      "cy": 240.88921192256242,
      "w": 800,
      "h": 450,
      "mask_path": "masks/CAM_BACK_mask_0094.png"
    },
    {
      "file_path": "images/CAM_BACK_frame_0098.jpg",
      "transform_matrix": [
        [
          0.9891267960742568,
          -0.03846849968722782,
          -0.14194490416950423,
          396.60090330504113
        ],
        [
          0.14246957436381832,
          0.011245341517322198,
          0.989735299297116,
          1126.0718547379026
        ],
        [
          -0.036477413127419644,
          -0.9991965356354938,
          0.01660365940264365,
          1.5781596450810764
        ],
        [
          0.0,
          0.0,
          0.0,
          1.0
        ]
      ],
      "camera_id": "CAM_BACK",
      "fl_x": 404.61049528385314,
      "fl_y": 404.61049528385314,
      "cx": 414.6098001629919,
      "cy": 240.88921192256242,
      "w": 800,
      "h": 450,
      "mask_path": "masks/CAM_BACK_mask_0098.png"
    },
    {
      "file_path": "images/CAM_BACK_frame_0103.jpg",
      "transform_matrix": [
        [
          0.9751853426879002,
          -0.04044923996723848,
          -0.21766351644856632,
          396.9348944167186
        ],
        [
          0.2181601700219316,
          0.00824569441044118,
          0.9758781423618891,
          1124.2822758173716
        ],
        [
          -0.03767874231824192,
          -0.9991475704368011,
          0.016865493397856344,
          1.5780851810042722
        ],
        [
          0.0,
          0.0,
          0.0,
          1.0
        ]
      ],
      "camera_id": "CAM_BACK",
      "fl_x": 404.61049528385314,
      "fl_y": 404.61049528385314,
      "cx": 414.6098001629919,
      "cy": 240.88921192256242,
      "w": 800,
      "h": 450,
      "mask_path": "masks/CAM_BACK_mask_0103.png"
    },
    {
      "file_path": "images/CAM_BACK_frame_0107.jpg",
      "transform_matrix": [
        [
          0.9527159339489201,
          -0.04431466074047451,
          -0.3006136391504784,
          397.44589176726663
        ],
        [
          0.3010527564054508,
          0.0034345408453186205,
          0.9536013012731593,
          1122.4156897734704
        ],
        [
          -0.04122604832527273,
          -0.9990117190366881,
          0.01661319255422561,
          1.5778810169217843
        ],
        [
          0.0,
          0.0,
          0.0,
          1.0
        ]
      ],
      "camera_id": "CAM_BACK",
      "fl_x": 404.61049528385314,
      "fl_y": 404.61049528385314,
      "cx": 414.6098001629919,
      "cy": 240.88921192256242,
      "w": 800,
      "h": 450,
      "mask_path": "masks/CAM_BACK_mask_0107.png"
    },
    {
      "file_path": "images/CAM_BACK_frame_0111.jpg",
      "transform_matrix": [
        [
          0.9293592346020662,
          -0.04935114397636728,
          -0.3658631952630466,
          397.93669070225303
        ],
        [
          0.3662980101221412,
          -0.0002506797399286845,
          0.9304975577293194,
          1121.0750169057906
        ],
        [
          -0.04601283343179564,
          -0.9987814584521941,
          0.017844254304564152,
          1.5775284350695231
        ],
        [
          0.0,
          0.0,
          0.0,
          1.0
        ]
      ],
      "camera_id": "CAM_BACK",
      "fl_x": 404.61049528385314,
      "fl_y": 404.61049528385314,
      "cx": 414.6098001629919,
      "cy": 240.88921192256242,
      "w": 800,
      "h": 450,
      "mask_path": "masks/CAM_BACK_mask_0111.png"
    },
    {
      "file_path": "images/CAM_BACK_frame_0115.jpg",
      "transform_matrix": [
        [
          0.9018772097367342,
          -0.04913321832433698,
          -0.42918926526018303,
          398.48277058082107
        ],
        [
          0.42945278810771687,
          -0.0055991784978875955,
          0.9030719528291518,
          1119.8389487686188
        ],
        [
          -0.04677393872650891,
          -0.9987765396009469,
          0.016050626117598794,
          1.577526154842894
        ],
        [
          0.0,
          0.0,
          0.0,
          1.0
        ]
      ],
      "camera_id": "CAM_BACK",
      "fl_x": 404.61049528385314,
      "fl_y": 404.61049528385314,
      "cx": 414.6098001629919,
      "cy": 240.88921192256242,
      "w": 800,
      "h": 450,
      "mask_path": "masks/CAM_BACK_mask_0115.png"
    },
    {
      "file_path": "images/CAM_BACK_frame_0120.jpg",
      "transform_matrix": [
        [
          0.8600225992123406,
          -0.053688705039386705,
          -0.5074235428074299,
          399.3053784633231
        ],
        [
          0.5075313783407294,
          -0.012621694282289897,
          0.8615408248208578,
          1118.3161731145872
        ],
        [
          -0.05265955605214865,
          -0.9984779495735687,
          0.01639376014685019,
          1.577070392833258
        ],
        [
          0.0,
          0.0,
          0.0,
          1.0
        ]
      ],
      "camera_id": "CAM_BACK",
      "fl_x": 404.61049528385314,
      "fl_y": 404.61049528385314,
      "cx": 414.6098001629919,
      "cy": 240.88921192256242,
      "w": 800,
      "h": 450,
      "mask_path": "masks/CAM_BACK_mask_0120.png"
    },
    {
      "file_path": "images/CAM_BACK_frame_0126.jpg",
      "transform_matrix": [
        [
          0.7975477949430657,
          -0.054401049320918375,
          -0.6007978367256634,
          400.53461452778737
        ],
        [
          0.6008103561291471,
          -0.017952520781585286,
          0.7991899792699823,
          1116.4807511904153
        ],
        [
          -0.054262609128398843,
          -0.9983577679521354,
          0.018366720453277252,
          1.5768813709470744
        ],
        [
          0.0,
          0.0,
          0.0,
          1.0
        ]
      ],
      "camera_id": "CAM_BACK",
      "fl_x": 404.61049528385314,
      "fl_y": 404.61049528385314,
      "cx": 414.6098001629919,
      "cy": 240.88921192256242,
      "w": 800,
      "h": 450,
      "mask_path": "masks/CAM_BACK_mask_0126.png"
    },
    {
      "file_path": "images/CAM_BACK_frame_0130.jpg",
      "transform_matrix": [
        [
          0.7509364382083178,
          -0.05484585277157648,
          -0.6580930011820245,
          401.46868952664806
        ],
        [
          0.6577893364981877,
          -0.025968480816188824,
          0.7527541609273066,
          1115.343073318484
        ],
        [
          -0.058375119359874036,
          -0.9981570870548672,
          0.01657633861450262,
          1.5765792797198537
        ],
        [
          0.0,
          0.0,
          0.0,
          1.0
        ]
      ],
      "camera_id": "CAM_BACK",
      "fl_x": 404.61049528385314,
      "fl_y": 404.61049528385314,
      "cx": 414.6098001629919,
      "cy": 240.88921192256242,
      "w": 800,
      "h": 450,
      "mask_path": "masks/CAM_BACK_mask_0130.png"
    },
    {
      "file_path": "images/CAM_BACK_frame_0135.jpg",
      "transform_matrix": [
        [
          0.6966048587694982,
          -0.054264689650133854,
          -0.7153998980960944,
          402.60318432334856
        ],
        [
          0.7149795833588192,
          -0.030254140604623694,
          0.6984904311129289,
          1114.1507018012155
        ],
        [
          -0.05954717557346385,
          -0.9980681491929548,
          0.017722963854071797,
          1.5764399453072544
        ],
        [
          0.0,
          0.0,
          0.0,
          1.0
        ]
      ],
      "camera_id": "CAM_BACK",
      "fl_x": 404.61049528385314,
      "fl_y": 404.61049528385314,
      "cx": 414.6098001629919,
      "cy": 240.88921192256242,
      "w": 800,
      "h": 450,
      "mask_path": "masks/CAM_BACK_mask_0135.png"
    },
    {
      "file_path": "images/CAM_BACK_frame_0139.jpg",
      "transform_matrix": [
        [
          0.649966564441627,
          -0.053874280355367184,
          -0.758050807679894,
          403.653157478773
        ],
        [
          0.757445703863596,
          -0.03519366705207867,
          0.6519489331979992,
          1113.1886276976074
        ],
        [
          -0.06180186733853694,
          -0.9979273358895521,
          0.017932135339973634,
          1.576223464959962
        ],
        [
          0.0,
          0.0,
          0.0,
          1.0
        ]
      ],
      "camera_id": "CAM_BACK",
      "fl_x": 404.61049528385314,
      "fl_y": 404.61049528385314,
      "cx": 414.6098001629919,
      "cy": 240.88921192256242,
      "w": 800,
      "h": 450,
      "mask_path": "masks/CAM_BACK_mask_0139.png"
    },
    {
      "file_path": "images/CAM_BACK_frame_0144.jpg",
      "transform_matrix": [
        [
          0.5984159230077345,
          -0.05343372364238105,
          -0.7994017890075746,
          404.8393052717778
        ],
        [
          0.7983768515113632,
          -0.04370462768367879,
          0.6005699863378405,
          1112.2399369656302
        ],
        [
          -0.06702824823612738,
          -0.9976145261055197,
          0.016506702931094342,
          1.5757467138428967
        ],
        [
          0.0,
          0.0,
          0.0,
          1.0
        ]
      ],
      "camera_id": "CAM_BACK",
      "fl_x": 404.61049528385314,
      "fl_y": 404.61049528385314,
      "cx": 414.6098001629919,
      "cy": 240.88921192256242,
      "w": 800,
      "h": 450,
      "mask_path": "masks/CAM_BACK_mask_0144.png"
    },
    {
      "file_path": "images/CAM_BACK_frame_0148.jpg",
      "transform_matrix": [
        [
          0.5608282645944442,
          -0.0521803063493294,
          -0.8262861933139596,
          405.8623064086364
        ],
        [
          0.8251417816387521,
          -0.046641818799885215,
          0.5629969635202883,
          1111.5000674645328
        ],
        [
          -0.06791684493562736,
          -0.9975478717176077,
          0.016898100652473293,
          1.5756431948538656
        ],
        [
          0.0,
          0.0,
          0.0,
          1.0
        ]
      ],
      "camera_id": "CAM_BACK",
      "fl_x": 404.61049528385314,
      "fl_y": 404.61049528385314,
      "cx": 414.6098001629919,
      "cy": 240.88921192256242,
      "w": 800,
      "h": 450,
      "mask_path": "masks/CAM_BACK_mask_0148.png"
    },
    {
      "file_path": "images/CAM_BACK_frame_0152.jpg",
      "transform_matrix": [
        [
          0.528140711702055,
          -0.04846543240016403,
          -0.8477726644007295,
          406.82364702839084
        ],
        [
          0.8467003510693881,
          -0.045829086194827624,
          0.5300926431837385,
          1110.8659177761263
        ],
        [
          -0.06454381567448532,
          -0.9977729184142112,
          0.016831492428357388,
          1.5759893149975286
        ],
        [
          0.0,
          0.0,
          0.0,
          1.0
        ]
      ],
      "camera_id": "CAM_BACK",
      "fl_x": 404.61049528385314,
      "fl_y": 404.61049528385314,
      "cx": 414.6098001629919,
      "cy": 240.88921192256242,
      "w": 800,
      "h": 450,
      "mask_path": "masks/CAM_BACK_mask_0152.png"
    },
    {
      "file_path": "images/CAM_BACK_frame_0156.jpg",
      "transform_matrix": [
        [
          0.504024958734803,
          -0.04898828785353198,
          -0.8622986655594217,
          407.62154628728535
        ],
        [
          0.8610754974744091,
          -0.049109890174800976,
          0.5060999963803774,
          1110.383645448718
        ],
        [
          -0.06714036506885392,
          -0.9975912822094019,
          0.017430003965074728,
          1.5757085875258614
        ],
        [
          0.0,
          0.0,
          0.0,
          1.0
        ]
      ],
      "camera_id": "CAM_BACK",
      "fl_x": 404.61049528385314,
      "fl_y": 404.61049528385314,
      "cx": 414.6098001629919,
      "cy": 240.88921192256242,
      "w": 800,
      "h": 450,
      "mask_path": "masks/CAM_BACK_mask_0156.png"
    },
    {
      "file_path": "images/CAM_BACK_frame_0160.jpg",
      "transform_matrix": [
        [
          0.4758467820594972,
          -0.044061301905975375,
          -0.8784238394294476,
          408.59934876962376
        ],
        [
          0.8773764511767296,
          -0.046039052533889284,
          0.4775887022976043,
          1109.8232306353227
        ],
        [
          -0.06148498128933067,
          -0.9979674380039322,
          0.01675081370317168,
          1.57628812703177
        ],
        [
          0.0,
          0.0,
          0.0,
          1.0
        ]
      ],
      "camera_id": "CAM_BACK",
      "fl_x": 404.61049528385314,
      "fl_y": 404.61049528385314,
      "cx": 414.6098001629919,
      "cy": 240.88921192256242,
      "w": 800,
      "h": 450,
      "mask_path": "masks/CAM_BACK_mask_0160.png"
    },
    {
      "file_path": "images/CAM_BACK_frame_0164.jpg",
      "transform_matrix": [
        [
          0.4547350999643544,
          -0.04290539683325627,
          -0.889592668462926,
          409.3696585006357
        ],
        [
          0.8885009839436757,
          -0.047115657848027806,
          0.45644946742949316,
          1109.4152169539464
        ],
        [
          -0.061497889325803995,
          -0.9979675554386167,
          0.016696343921432703,
          1.5762884506340658
        ],
        [
          0.0,
          0.0,
          0.0,
          1.0
        ]
      ],
      "camera_id": "CAM_BACK",
      "fl_x": 404.61049528385314,
      "fl_y": 404.61049528385314,
      "cx": 414.6098001629919,
      "cy": 240.88921192256242,
      "w": 800,
      "h": 450,
      "mask_path": "masks/CAM_BACK_mask_0164.png"
    },
    {
      "file_path": "images/CAM_BACK_frame_0168.jpg",
      "transform_matrix": [
        [
          0.43860579361706076,
          -0.04075298294095343,
          -0.8977550624680224,
          410.073453250443
        ],
        [
          0.8967256158687507,
          -0.0459929085515782,
          0.44019066574358023,
          1109.0582763180025
        ],
        [
          -0.05922944918162304,
          -0.9981101375822111,
          0.016371487570193192,
          1.5765079028536215
        ],
        [
          0.0,
          0.0,
          0.0,
          1.0
        ]
      ],
      "camera_id": "CAM_BACK",
      "fl_x": 404.61049528385314,
      "fl_y": 404.61049528385314,
      "cx": 414.6098001629919,
      "cy": 240.88921192256242,
      "w": 800,
      "h": 450,
      "mask_path": "masks/CAM_BACK_mask_0168.png"
    },
    {
      "file_path": "images/CAM_BACK_frame_0172.jpg",
      "transform_matrix": [
        [
          0.4292541963509823,
          -0.040758739345513946,
          -0.9022635757260938,
          410.88733114187863
        ],
        [
          0.9012142319930049,
          -0.04660717008263297,
          0.4308603947337783,
          1108.6664018902302
        ],
        [
          -0.05961327845648983,
          -0.998081407934169,
          0.01672603263825615,
          1.576462937865777
        ],
        [
          0.0,
          0.0,
          0.0,
          1.0
        ]
      ],
      "camera_id": "CAM_BACK",
      "fl_x": 404.61049528385314,
      "fl_y": 404.61049528385314,
      "cx": 414.6098001629919,
      "cy": 240.88921192256242,
      "w": 800,
      "h": 450,
      "mask_path": "masks/CAM_BACK_mask_0172.png"
    },
    {
      "file_path": "images/CAM_BACK_frame_0176.jpg",
      "transform_matrix": [
        [
          0.4242605625761614,
          -0.041459927471473354,
          -0.9045905424315575,
          411.84528834467676
        ],
        [
          0.9038913435429056,
          -0.04086574654288801,
          0.4258056244669554,
          1108.2031603460005
        ],
        [
          -0.05462063813944684,
          -0.9983040945391101,
          0.020137544927000865,
          1.5767942857943598
        ],
        [
          0.0,
          0.0,
          0.0,
          1.0
        ]
      ],
      "camera_id": "CAM_BACK",
      "fl_x": 404.61049528385314,
      "fl_y": 404.61049528385314,
      "cx": 414.6098001629919,
      "cy": 240.88921192256242,
      "w": 800,
      "h": 450,
      "mask_path": "masks/CAM_BACK_mask_0176.png"
    },
    {
      "file_path": "images/CAM_BACK_frame_0180.jpg",
      "transform_matrix": [
        [
          0.4229270167166138,
          -0.04541984754808333,
          -0.9050247377723405,
          412.5270659733059
        ],
        [
          0.9044299125366689,
          -0.04059559097325437,
          0.4246863917085709,
          1107.8858396240796
        ],
        [
          -0.05602920524243148,
          -0.9981427931124089,
          0.02391009656317537,
          1.57653640620755
        ],
        [
          0.0,
          0.0,
          0.0,
          1.0
        ]
      ],
      "camera_id": "CAM_BACK",
      "fl_x": 404.61049528385314,
      "fl_y": 404.61049528385314,
      "cx": 414.6098001629919,
      "cy": 240.88921192256242,
      "w": 800,
      "h": 450,
      "mask_path": "masks/CAM_BACK_mask_0180.png"
    },
    {
      "file_path": "images/CAM_BACK_frame_0185.jpg",
      "transform_matrix": [
        [
          0.4223069021115877,
          -0.04902384008469911,
          -0.9051262583376221,
          413.37285433622844
        ],
        [
          0.9047506835493777,
          -0.0383693468890123,
          0.4242098464630974,
          1107.4893931112708
        ],
        [
          -0.05552549905987148,
          -0.9980603470345171,
          0.02815071280610313,
          1.5763968423363102
        ],
        [
          0.0,
          0.0,
          0.0,
          1.0
        ]
      ],
      "camera_id": "CAM_BACK",
      "fl_x": 404.61049528385314,
      "fl_y": 404.61049528385314,
      "cx": 414.6098001629919,
      "cy": 240.88921192256242,
      "w": 800,
      "h": 450,
      "mask_path": "masks/CAM_BACK_mask_0185.png"
    },
    {
      "file_path": "images/CAM_BACK_frame_0189.jpg",
      "transform_matrix": [
        [
          0.42235541932526494,
          -0.05022608439323643,
          -0.9050377009899108,
          414.1225485500043
        ],
        [
          0.9049181864624276,
          -0.034284981816863534,
          0.42420232888489484,
          1107.1321126827052
        ],
        [
          -0.05233522309239509,
          -0.9981492275548486,
          0.030970049330415764,
          1.5765230127606003
        ],
        [
          0.0,
          0.0,
          0.0,
          1.0
        ]
      ],
      "camera_id": "CAM_BACK",
      "fl_x": 404.61049528385314,
      "fl_y": 404.61049528385314,
      "cx": 414.6098001629919,
      "cy": 240.88921192256242,
      "w": 800,
      "h": 450,
      "mask_path": "masks/CAM_BACK_mask_0189.png"
    },
    {
      "file_path": "images/CAM_BACK_frame_0193.jpg",
      "transform_matrix": [
        [
          0.42009113813353866,
          -0.05104555076278061,
          -0.9060451354148934,
          414.87447753772284
        ],
        [
          0.9058473657340146,
          -0.036310522465566125,
          0.4220451349690272,
          1106.7861442741162
        ],
        [
          -0.05444249860554531,
          -0.9980360202445611,
          0.030985748982123522,
          1.5763500822480225
        ],
        [
          0.0,
          0.0,
          0.0,
          1.0
        ]
      ],
      "camera_id": "CAM_BACK",
      "fl_x": 404.61049528385314,
      "fl_y": 404.61049528385314,
      "cx": 414.6098001629919,
      "cy": 240.88921192256242,
      "w": 800,
      "h": 450,
      "mask_path": "masks/CAM_BACK_mask_0193.png"
    },
    {
      "file_path": "images/CAM_BACK_frame_0197.jpg",
      "transform_matrix": [
        [
          0.4175256122139817,
          -0.05281055768159575,
          -0.907129212484472,
          415.48539533818047
        ],
        [
          0.9070716762872035,
          -0.03487284041463859,
          0.41952933041557183,
          1106.5017949305675
        ],
        [
