{
  "camera_model": "OPENCV",
  "fl_x": 316.6043007616385,
  "fl_y": 316.6043007616385,
  "cx": 204.0667549361996,
  "cy": 122.87676644823689,
  "w": 400,
  "h": 225,
  "k1": 0.0,
  "k2": 0.0,
  "p1": 0.0,
  "p2": 0.0,
  "frames": [
    {
      "file_path": "images/CAM_FRONT_frame_0000.jpg",
      "transform_matrix": [
        [
          -0.9401938079027312,
          -0.015119914667040057,
          -0.3403042635081546,
          410.7557848683522
        ],
        [
          0.33992635377485436,
          0.022987627695159423,
          -0.94017107112604,
          1179.2626508455178
        ],
        [
          0.02203809408044617,
          -0.9996214069103415,
          -0.016473167755208476,
          1.491968467858587
        ],
        [
          0.0,
          0.0,
          0.0,
          1.0
        ]
      ],
      "camera_id": "CAM_FRONT",
      "fl_x": 316.6043007616385,
      "fl_y": 316.6043007616385,
      "cx": 204.0667549361996,
      "cy": 122.87676644823689,
      "w": 400,
      "h": 225
    },
    {
      "file_path": "images/CAM_FRONT_frame_0001.jpg",
      "transform_matrix": [
        [
          -0.9402571710430225,
          -0.014943116420389946,
          -0.3401369659031783,
          410.70977105698245
        ],
        [
          0.3397536310584526,
          0.023368114865077037,
          -0.9402241229569951,
          1179.137526706944
        ],
        [
          0.021998238219689638,
          -0.9996152432207601,
          -0.016895059512489194,
          1.4912453285726384
        ],
        [
          0.0,
          0.0,
          0.0,
          1.0
        ]
      ],
      "camera_id": "CAM_FRONT",
      "fl_x": 316.6043007616385,
      "fl_y": 316.6043007616385,
      "cx": 204.0667549361996,
      "cy": 122.87676644823689,
      "w": 400,
      "h": 225
    },
    {
      "file_path": "images/CAM_FRONT_frame_0002.jpg",
      "transform_matrix": [
        [
          -0.9410879902653349,
          -0.01588826042595558,
          -0.33778833277511255,
          410.40065095332744
        ],
        [
          0.337317981790909,
          0.026415805046409332,
          -0.94102007651498,
          1178.2754978561568
        ],
        [
          0.023874122787261635,
          -0.9995247712910307,
          -0.019500200941314678,
          1.486689580604785
        ],
        [
          0.0,
          0.0,
          0.0,
          1.0
        ]
      ],
      "camera_id": "CAM_FRONT",
      "fl_x": 316.6043007616385,
      "fl_y": 316.6043007616385,
      "cx": 204.0667549361996,
      "cy": 122.87676644823689,
      "w": 400,
      "h": 225
    },
    {
      "file_path": "images/CAM_FRONT_frame_0003.jpg",
      "transform_matrix": [
        [
          -0.9409705777470457,
          -0.018378743877727775,
          -0.3379890435914578,
          410.0857633742269
        ],
        [
          0.33749091756913785,
          0.025658694669921968,
          -0.940979017803361,
          1177.4256366852296
        ],
        [
          0.025966370033815946,
          -0.9995018024802721,
          -0.017941417612729122,
          1.4892820027224085
        ],
        [
          0.0,
          0.0,
          0.0,
          1.0
        ]
      ],
      "camera_id": "CAM_FRONT",
      "fl_x": 316.6043007616385,
      "fl_y": 316.6043007616385,
      "cx": 204.0667549361996,
      "cy": 122.87676644823689,
      "w": 400,
      "h": 225
    },
    {
      "file_path": "images/CAM_FRONT_frame_0004.jpg",
      "transform_matrix": [
        [
          -0.940953616151313,
          -0.018237172715226343,
          -0.33804392877719747,
          409.92408160934997
        ],
        [
          0.3375742264455903,
          0.024650813334187983,
          -0.9409760778264372,
          1177.0025727620505
        ],
        [
          0.0254938010392592,
          -0.9995297609042556,
          -0.017038872475978156,
          1.4908542860301874
        ],
        [
          0.0,
          0.0,
          0.0,
          1.0
        ]
      ],
      "camera_id": "CAM_FRONT",
      "fl_x": 316.6043007616385,
      "fl_y": 316.6043007616385,
      "cx": 204.0667549361996,
      "cy": 122.87676644823689,
      "w": 400,
      "h": 225
    },
    {
      "file_path": "images/CAM_FRONT_frame_0005.jpg",
      "transform_matrix": [
        [
          -0.9411680327579715,
          -0.019306220127425593,
          -0.33738702402268256,
          409.615263145158
        ],
        [
          0.3368911519199435,
          0.02495598250992411,
          -0.9412128083993646,
          1176.161136854242
        ],
        [
          0.026591086336295953,
          -0.9995021104536778,
          -0.016983678226459346,
          1.4909000954052583
        ],
        [
          0.0,
          0.0,
          0.0,
          1.0
        ]
      ],
      "camera_id": "CAM_FRONT",
      "fl_x": 316.6043007616385,
      "fl_y": 316.6043007616385,
      "cx": 204.0667549361996,
      "cy": 122.87676644823689,
      "w": 400,
      "h": 225
    },
    {
      "file_path": "images/CAM_FRONT_frame_0006.jpg",
      "transform_matrix": [
        [
          -0.9421247287340405,
          -0.01703352241338887,
          -0.33482959042175847,
          409.207186268587
        ],
        [
          0.33432670143753684,
          0.02683802880458959,
          -0.9420750378371034,
          1175.0401966308432
        ],
        [
          0.025033022464460545,
          -0.9994946619787806,
          -0.01959000924494982,
          1.486485951090205
        ],
        [
          0.0,
          0.0,
          0.0,
          1.0
        ]
      ],
      "camera_id": "CAM_FRONT",
      "fl_x": 316.6043007616385,
      "fl_y": 316.6043007616385,
      "cx": 204.0667549361996,
      "cy": 122.87676644823689,
      "w": 400,
      "h": 225
    },
    {
      "file_path": "images/CAM_FRONT_frame_0007.jpg",
      "transform_matrix": [
        [
          -0.9421936844323796,
          -0.01637526004773871,
          -0.3346683610294033,
          409.1622471875186
        ],
        [
          0.33418200194599407,
          0.02669272142388339,
          -0.942130504865624,
          1174.9195490334898
        ],
        [
          0.024360841346427416,
          -0.9995095544722702,
          -0.01967739636075636,
          1.4863641115557267
        ],
        [
          0.0,
          0.0,
          0.0,
          1.0
        ]
      ],
      "camera_id": "CAM_FRONT",
      "fl_x": 316.6043007616385,
      "fl_y": 316.6043007616385,
      "cx": 204.0667549361996,
      "cy": 122.87676644823689,
      "w": 400,
      "h": 225
    },
    {
      "file_path": "images/CAM_FRONT_frame_0008.jpg",
      "transform_matrix": [
        [
          -0.9426078211608825,
          -0.012953017363457898,
          -0.33365058793222074,
          408.8599347596804
        ],
        [
          0.3332340498664404,
          0.026676373717549648,
          -0.9424666779758812,
          1174.0984209428611
        ],
        [
          0.02110837501906212,
          -0.9995601985005523,
          -0.02082897207235764,
          1.4845087604588358
        ],
        [
          0.0,
          0.0,
          0.0,
          1.0
        ]
      ],
      "camera_id": "CAM_FRONT",
      "fl_x": 316.6043007616385,
      "fl_y": 316.6043007616385,
      "cx": 204.0667549361996,
      "cy": 122.87676644823689,
      "w": 400,
      "h": 225
    },
    {
      "file_path": "images/CAM_FRONT_frame_0009.jpg",
      "transform_matrix": [
        [
          -0.9431454691232546,
          -0.011319216336763287,
          -0.33218744620138474,
          408.5589871238624
        ],
        [
          0.33174764289038944,
          0.029573734656988024,
          -0.9429044997533469,
          1173.2628027893234
        ],
        [
          0.020496963407957917,
          -0.9994985090333851,
          -0.024137210507704142,
          1.4788195102089217
        ],
        [
          0.0,
          0.0,
          0.0,
          1.0
        ]
      ],
      "camera_id": "CAM_FRONT",
      "fl_x": 316.6043007616385,
      "fl_y": 316.6043007616385,
      "cx": 204.0667549361996,
      "cy": 122.87676644823689,
      "w": 400,
      "h": 225
    },
    {
      "file_path": "images/CAM_FRONT_frame_0010.jpg",
      "transform_matrix": [
        [
          -0.9431902095493709,
          -0.0111073633410553,
          -0.33206754597494764,
          408.4099728977486
        ],
        [
          0.3315927417253541,
          0.031520334240086864,
          -0.9428959232940064,
          1172.8480303909582
        ],
        [
          0.020939967652242073,
          -0.9994413914827639,
          -0.026046549593373654,
          1.4754992382181888
        ],
        [
          0.0,
          0.0,
          0.0,
          1.0
        ]
      ],
      "camera_id": "CAM_FRONT",
      "fl_x": 316.6043007616385,
      "fl_y": 316.6043007616385,
      "cx": 204.0667549361996,
      "cy": 122.87676644823689,
      "w": 400,
      "h": 225
    },
    {
      "file_path": "images/CAM_FRONT_frame_0011.jpg",
      "transform_matrix": [
        [
          -0.943815959972517,
          -0.01255924825309651,
          -0.330232795137724,
          408.11916800702664
        ],
        [
          0.3297218862687079,
          0.0314816929617926,
          -0.9435530619544754,
          1172.024346592587
        ],
        [
          0.022246604607495956,
          -0.9994254190741683,
          -0.025571865240166494,
          1.4762716496058619
        ],
        [
          0.0,
          0.0,
          0.0,
          1.0
        ]
      ],
      "camera_id": "CAM_FRONT",
      "fl_x": 316.6043007616385,
      "fl_y": 316.6043007616385,
      "cx": 204.0667549361996,
      "cy": 122.87676644823689,
      "w": 400,
      "h": 225
    },
    {
      "file_path": "images/CAM_FRONT_frame_0012.jpg",
      "transform_matrix": [
        [
          -0.9444088604630331,
          -0.01640771577113707,
          -0.32836365685332713,
          407.8355552748352
        ],
        [
          0.327899968098906,
          0.025743897693495017,
          -0.9443616164649451,
          1171.2221294081373
        ],
        [
          0.023948177376422308,
          -0.9995339106777322,
          -0.0189326756066589,
          1.4876635276853982
        ],
        [
          0.0,
          0.0,
          0.0,
          1.0
        ]
      ],
      "camera_id": "CAM_FRONT",
      "fl_x": 316.6043007616385,
      "fl_y": 316.6043007616385,
      "cx": 204.0667549361996,
      "cy": 122.87676644823689,
      "w": 400,
      "h": 225
    },
    {
      "file_path": "images/CAM_FRONT_frame_0013.jpg",
      "transform_matrix": [
        [
          -0.9441883808213251,
          -0.017346121151569076,
          -0.32894895288327003,
          407.5763509491702
        ],
        [
          0.32857428509441866,
          0.021323430410565846,
          -0.9442373909617318,
          1170.5195559235847
        ],
        [
          0.023393176284898575,
          -0.9996221403092876,
          -0.014433845876370515,
          1.4954138773089085
        ],
        [
          0.0,
          0.0,
          0.0,
          1.0
        ]
      ],
      "camera_id": "CAM_FRONT",
      "fl_x": 316.6043007616385,
      "fl_y": 316.6043007616385,
      "cx": 204.0667549361996,
      "cy": 122.87676644823689,
      "w": 400,
      "h": 225
    },
    {
      "file_path": "images/CAM_FRONT_frame_0014.jpg",
      "transform_matrix": [
        [
          -0.9447883257198629,
          -0.01724300476776901,
          -0.3272272885473297,
          407.3976046325555
        ],
        [
          0.3268528403461615,
          0.021374397026102096,
          -0.944833506978567,
          1170.0023873162625
        ],
        [
          0.02328605464876481,
          -0.9996228358427739,
          -0.01455835569511504,
          1.495204768565161
        ],
        [
          0.0,
          0.0,
          0.0,
          1.0
        ]
      ],
      "camera_id": "CAM_FRONT",
      "fl_x": 316.6043007616385,
      "fl_y": 316.6043007616385,
      "cx": 204.0667549361996,
      "cy": 122.87676644823689,
      "w": 400,
      "h": 225
    },
    {
      "file_path": "images/CAM_FRONT_frame_0015.jpg",
      "transform_matrix": [
        [
          -0.9455624032451813,
          -0.01688201606781354,
          -0.32500267553157736,
          407.1160589812816
        ],
        [
          0.3245278510054658,
          0.025839122742005803,
          -0.9455231428461697,
          1169.1964492831682
        ],
        [
          0.024360120914559278,
          -0.9995235551348503,
          -0.018953818602551086,
          1.4876099168074568
        ],
        [
          0.0,
          0.0,
          0.0,
          1.0
        ]
      ],
      "camera_id": "CAM_FRONT",
      "fl_x": 316.6043007616385,
      "fl_y": 316.6043007616385,
      "cx": 204.0667549361996,
      "cy": 122.87676644823689,
      "w": 400,
      "h": 225
    },
    {
      "file_path": "images/CAM_FRONT_frame_0016.jpg",
      "transform_matrix": [
        [
          -0.9459627685905059,
          -0.016535470694056656,
          -0.3238533906716297,
          406.9785384130775
        ],
        [
          0.3233566717390558,
          0.027018028578724707,
          -0.9458913727133578,
          1168.798907493639
        ],
        [
          0.024390639237745718,
          -0.999498176256788,
          -0.020211194346919113,
          1.4854433116428454
        ],
        [
          0.0,
          0.0,
          0.0,
          1.0
        ]
      ],
      "camera_id": "CAM_FRONT",
      "fl_x": 316.6043007616385,
      "fl_y": 316.6043007616385,
      "cx": 204.0667549361996,
      "cy": 122.87676644823689,
      "w": 400,
      "h": 225
    },
    {
      "file_path": "images/CAM_FRONT_frame_0017.jpg",
      "transform_matrix": [
        [
          -0.9468447040723836,
          -0.013375576195195346,
          -0.32141281917734343,
          406.7042460961738
        ],
        [
          0.32099944849389833,
          0.026194799075946157,
          -0.9467170572921906,
          1168.013443965995
        ],
        [
          0.021082230353886705,
          -0.9995673696468976,
          -0.02050885419735409,
          1.485061533308415
        ],
        [
          0.0,
          0.0,
          0.0,
          1.0
        ]
      ],
      "camera_id": "CAM_FRONT",
      "fl_x": 316.6043007616385,
      "fl_y": 316.6043007616385,
      "cx": 204.0667549361996,
      "cy": 122.87676644823689,
      "w": 400,
      "h": 225
    },
    {
      "file_path": "images/CAM_FRONT_frame_0018.jpg",
      "transform_matrix": [
        [
          -0.9476914796256795,
          -0.012239934780243074,
          -0.318953042690403,
          406.4384026252625
        ],
        [
          0.3185696280927157,
          0.0258905462098502,
          -0.9475458150790518,
          1167.231932584737
        ],
        [
          0.019855767468408034,
          -0.9995898476943087,
          -0.02063697857510896,
          1.484885092894927
        ],
        [
          0.0,
          0.0,
          0.0,
          1.0
        ]
      ],
      "camera_id": "CAM_FRONT",
      "fl_x": 316.6043007616385,
      "fl_y": 316.6043007616385,
      "cx": 204.0667549361996,
      "cy": 122.87676644823689,
      "w": 400,
      "h": 225
    },
    {
      "file_path": "images/CAM_FRONT_frame_0019.jpg",
      "transform_matrix": [
        [
          -0.9480202873154366,
          -0.012423351836332197,
          -0.31796728631654575,
          406.2115958675688
        ],
        [
          0.31755650751790004,
          0.027065165096192157,
          -0.9478530167548925,
          1166.5644712309079
        ],
        [
          0.020381348615620392,
          -0.9995564702244025,
          -0.021713209369920203,
          1.483010372651684
        ],
        [
          0.0,
          0.0,
          0.0,
          1.0
        ]
      ],
      "camera_id": "CAM_FRONT",
      "fl_x": 316.6043007616385,
      "fl_y": 316.6043007616385,
      "cx": 204.0667549361996,
      "cy": 122.87676644823689,
      "w": 400,
      "h": 225
    },
    {
      "file_path": "images/CAM_FRONT_frame_0020.jpg",
      "transform_matrix": [
        [
          -0.9483006990707951,
          -0.01300700658310719,
          -0.31710660970971327,
          406.04039265674675
        ],
        [
          0.3166678259612872,
          0.0278029213631957,
          -0.9481289393139649,
          1166.0537351469334
        ],
        [
          0.02114880948879991,
          -0.9995287966554136,
          -0.02224662926799226,
          1.48206170214146
        ],
        [
          0.0,
          0.0,
          0.0,
          1.0
        ]
      ],
      "camera_id": "CAM_FRONT",
      "fl_x": 316.6043007616385,
      "fl_y": 316.6043007616385,
      "cx": 204.0667549361996,
      "cy": 122.87676644823689,
      "w": 400,
      "h": 225
    },
    {
      "file_path": "images/CAM_FRONT_frame_0021.jpg",
      "transform_matrix": [
        [
          -0.9486188138557525,
          -0.013940979799037247,
          -0.31611389574194443,
          405.7793198754704
        ],
        [
          0.31565871120449795,
          0.027617121969193022,
          -0.9484708074658149,
          1165.2780266487478
        ],
        [
          0.021952768381719483,
          -0.9995213572787636,
          -0.02179752976823362,
          1.4828063346638407
        ],
        [
          0.0,
          0.0,
          0.0,
          1.0
        ]
      ],
      "camera_id": "CAM_FRONT",
      "fl_x": 316.6043007616385,
      "fl_y": 316.6043007616385,
      "cx": 204.0667549361996,
      "cy": 122.87676644823689,
      "w": 400,
      "h": 225
    },
    {
      "file_path": "images/CAM_FRONT_frame_0022.jpg",
      "transform_matrix": [
        [
          -0.9488313615084433,
          -0.013106375087277848,
          -0.31551112555677924,
          405.64891955055754
        ],
        [
          0.31509802614874066,
          0.026488756350209076,
          -0.9486894010708602,
          1164.895855770201
        ],
        [
          0.02079137646241339,
          -0.9995631889576022,
          -0.021003569832468153,
          1.4842194392711838
        ],
        [
          0.0,
          0.0,
          0.0,
          1.0
        ]
      ],
      "camera_id": "CAM_FRONT",
      "fl_x": 316.6043007616385,
      "fl_y": 316.6043007616385,
      "cx": 204.0667549361996,
      "cy": 122.87676644823689,
      "w": 400,
      "h": 225
    },
    {
      "file_path": "images/CAM_FRONT_frame_0023.jpg",
      "transform_matrix": [
        [
          -0.9492788488638233,
          -0.013213510422667739,
          -0.31415771555396405,
          405.38940545495126
        ],
        [
          0.3137811707565184,
          0.02461269811166893,
          -0.9491762702313693,
          1164.1335999926926
        ],
        [
          0.020274219552032333,
          -0.9996097329628069,
          -0.019218162960649862,
          1.4873142781582374
        ],
        [
          0.0,
          0.0,
          0.0,
          1.0
        ]
      ],
      "camera_id": "CAM_FRONT",
      "fl_x": 316.6043007616385,
      "fl_y": 316.6043007616385,
      "cx": 204.0667549361996,
      "cy": 122.87676644823689,
      "w": 400,
      "h": 225
    },
    {
      "file_path": "images/CAM_FRONT_frame_0024.jpg",
      "transform_matrix": [
        [
          -0.9493968084476597,
          -0.013142616035722948,
          -0.3138040339975502,
          405.1301727106172
        ],
        [
          0.3134487024079737,
          0.02362474814106371,
          -0.9493112146361853,
          1163.3753698137944
        ],
        [
          0.019889974061211048,
          -0.999634504666085,
          -0.018309724542862216,
          1.488891242225889
        ],
        [
          0.0,
          0.0,
          0.0,
          1.0
        ]
      ],
      "camera_id": "CAM_FRONT",
      "fl_x": 316.6043007616385,
      "fl_y": 316.6043007616385,
      "cx": 204.0667549361996,
      "cy": 122.87676644823689,
      "w": 400,
      "h": 225
    },
    {
      "file_path": "images/CAM_FRONT_frame_0025.jpg",
      "transform_matrix": [
        [
          -0.9495025651710012,
          -0.012562684658705156,
          -0.313507667669955,
          404.90276284068864
        ],
        [
          0.3131704547205707,
          0.023240187191894118,
          -0.9494125341438236,
          1162.7106106228332
        ],
        [
          0.019213147160214862,
          -0.9996509754176465,
          -0.018132355686680014,
          1.4892198734379887
        ],
        [
          0.0,
          0.0,
          0.0,
          1.0
        ]
      ],
      "camera_id": "CAM_FRONT",
      "fl_x": 316.6043007616385,
      "fl_y": 316.6043007616385,
      "cx": 204.0667549361996,
      "cy": 122.87676644823689,
      "w": 400,
      "h": 225
    },
    {
      "file_path": "images/CAM_FRONT_frame_0026.jpg",
      "transform_matrix": [
        [
          -0.9498215433971976,
          -0.011561136350584526,
          -0.31257859143717664,
          404.73556353768475
        ],
        [
          0.3122553449782756,
          0.023484166468124026,
          -0.9497078990183225,
          1162.2183243406844
        ],
        [
          0.018320350189460342,
          -0.9996573583241314,
          -0.01869574062065775,
          1.4882806784325684
        ],
        [
          0.0,
          0.0,
          0.0,
          1.0
        ]
      ],
      "camera_id": "CAM_FRONT",
      "fl_x": 316.6043007616385,
      "fl_y": 316.6043007616385,
      "cx": 204.0667549361996,
      "cy": 122.87676644823689,
      "w": 400,
      "h": 225
    },
    {
      "file_path": "images/CAM_FRONT_frame_0027.jpg",
      "transform_matrix": [
        [
          -0.9500994530997284,
          -0.01081354192164067,
          -0.31175967752534395,
          404.48067153610003
        ],
        [
          0.3114401114461074,
          0.02407743516615391,
          -0.9499607013441433,
          1161.476999141693
        ],
        [
          0.01777881329093356,
          -0.9996516115262001,
          -0.019508187282204204,
          1.4868997743004617
        ],
        [
          0.0,
          0.0,
          0.0,
          1.0
        ]
      ],
      "camera_id": "CAM_FRONT",
      "fl_x": 316.6043007616385,
      "fl_y": 316.6043007616385,
      "cx": 204.0667549361996,
      "cy": 122.87676644823689,
      "w": 400,
      "h": 225
    },
    {
      "file_path": "images/CAM_FRONT_frame_0028.jpg",
      "transform_matrix": [
        [
          -0.9500908786050933,
          -0.010966633581260444,
          -0.3117804601627511,
          404.3559787102486
        ],
        [
          0.31144698437101254,
          0.024683422278257386,
          -0.9499428954367924,
          1161.1184390524115
        ],
        [
          0.018113484413683465,
          -0.999635164253703,
          -0.020035969401744784,
          1.4859799046337274
        ],
        [
          0.0,
          0.0,
          0.0,
          1.0
        ]
      ],
      "camera_id": "CAM_FRONT",
      "fl_x": 316.6043007616385,
      "fl_y": 316.6043007616385,
      "cx": 204.0667549361996,
      "cy": 122.87676644823689,
      "w": 400,
      "h": 225
    },
    {
      "file_path": "images/CAM_FRONT_frame_0029.jpg",
      "transform_matrix": [
        [
          -0.9505455416660663,
          -0.011585348321706337,
          -0.3103690592230964,
          404.11216714846995
        ],
        [
          0.310006021082935,
          0.02560922488194485,
          -0.9503896224671613,
          1160.3992903237786
        ],
        [
          0.018958905851658957,
          -0.9996048955988617,
          -0.02075120680098446,
          1.4847192033201801
        ],
        [
          0.0,
          0.0,
          0.0,
          1.0
        ]
      ],
      "camera_id": "CAM_FRONT",
      "fl_x": 316.6043007616385,
      "fl_y": 316.6043007616385,
      "cx": 204.0667549361996,
      "cy": 122.87676644823689,
      "w": 400,
      "h": 225
    },
    {
      "file_path": "images/CAM_FRONT_frame_0030.jpg",
      "transform_matrix": [
        [
          -0.9514800097654064,
          -0.013266583914645531,
          -0.3074244439989415,
          403.78239776471645
        ],
        [
          0.307013237344437,
          0.026293039089558143,
          -0.9513419722637723,
          1159.3986141384053
        ],
        [
          0.020704181029711534,
          -0.9995662428507032,
          -0.020944284213558165,
          1.484324853311062
        ],
        [
          0.0,
          0.0,
          0.0,
          1.0
        ]
      ],
      "camera_id": "CAM_FRONT",
      "fl_x": 316.6043007616385,
      "fl_y": 316.6043007616385,
      "cx": 204.0667549361996,
      "cy": 122.87676644823689,
      "w": 400,
      "h": 225
    },
    {
      "file_path": "images/CAM_FRONT_frame_0031.jpg",
      "transform_matrix": [
        [
          -0.9514986965346812,
          -0.013248137247642401,
          -0.30736739799834134,
          403.75849305654344
        ],
        [
          0.30695727345444973,
          0.02625981915072153,
          -0.9513609484163106,
          1159.327748542743
        ],
        [
          0.02067517270093079,
          -0.9995673607904768,
          -0.020919571605261478,
          1.4843685211992306
        ],
        [
          0.0,
          0.0,
          0.0,
          1.0
        ]
      ],
      "camera_id": "CAM_FRONT",
      "fl_x": 316.6043007616385,
      "fl_y": 316.6043007616385,
      "cx": 204.0667549361996,
      "cy": 122.87676644823689,
      "w": 400,
      "h": 225
    },
    {
      "file_path": "images/CAM_FRONT_frame_0032.jpg",
      "transform_matrix": [
        [
          -0.9520345554058682,
          -0.014463093960975535,
          -0.30564853054812413,
          403.526089769037
        ],
        [
          0.30523082331786705,
          0.02545671528941618,
          -0.951938075792418,
          1158.613960353587
        ],
        [
          0.021548777456007983,
          -0.9995712953860518,
          -0.019821090545220993,
          1.4862290464460244
        ],
        [
          0.0,
          0.0,
          0.0,
          1.0
        ]
      ],
      "camera_id": "CAM_FRONT",
      "fl_x": 316.6043007616385,
      "fl_y": 316.6043007616385,
      "cx": 204.0667549361996,
      "cy": 122.87676644823689,
      "w": 400,
      "h": 225
    },
    {
      "file_path": "images/CAM_FRONT_frame_0033.jpg",
      "transform_matrix": [
        [
          -0.9525112668968635,
          -0.014415748468598874,
          -0.3041619184425016,
          403.29464775689075
        ],
        [
          0.3037704861226205,
          0.024274514691328457,
          -0.9524359504435604,
          1157.903603497632
        ],
        [
          0.021113460051820396,
          -0.9996013876203809,
          -0.018742669821816216,
          1.4881020206396731
        ],
        [
          0.0,
          0.0,
          0.0,
          1.0
        ]
      ],
      "camera_id": "CAM_FRONT",
      "fl_x": 316.6043007616385,
      "fl_y": 316.6043007616385,
      "cx": 204.0667549361996,
      "cy": 122.87676644823689,
      "w": 400,
      "h": 225
    },
    {
      "file_path": "images/CAM_FRONT_frame_0034.jpg",
      "transform_matrix": [
        [
          -0.9529157214755997,
          -0.014834985306088266,
          -0.30287216936457945,
          403.18244144727464
        ],
        [
          0.3024774870496118,
          0.024065180895765807,
          -0.952852683732699,
          1157.5496724113273
        ],
        [
          0.02142422910609295,
          -0.9996003152657679,
          -0.018444840139926123,
          1.4886028356949252
        ],
        [
          0.0,
          0.0,
          0.0,
          1.0
        ]
      ],
      "camera_id": "CAM_FRONT",
      "fl_x": 316.6043007616385,
      "fl_y": 316.6043007616385,
      "cx": 204.0667549361996,
      "cy": 122.87676644823689,
      "w": 400,
      "h": 225
    },
    {
      "file_path": "images/CAM_FRONT_frame_0035.jpg",
      "transform_matrix": [
        [
          -0.9531870253496906,
          -0.01545929599610701,
          -0.30198593489153475,
          402.95317080516406
        ],
        [
          0.30160271974198094,
          0.023018121170957025,
          -0.9531557929016642,
          1156.8433854721743
        ],
        [
          0.021686266374128953,
          -0.9996155142178738,
          -0.017278008730361206,
          1.490599253029168
        ],
        [
          0.0,
          0.0,
          0.0,
          1.0
        ]
      ],
      "camera_id": "CAM_FRONT",
      "fl_x": 316.6043007616385,
      "fl_y": 316.6043007616385,
      "cx": 204.0667549361996,
      "cy": 122.87676644823689,
      "w": 400,
      "h": 225
    },
    {
      "file_path": "images/CAM_FRONT_frame_0036.jpg",
      "transform_matrix": [
        [
          -0.9537070330419389,
          -0.018336915431801167,
          -0.3001777018014322,
          402.63950299809625
        ],
        [
          0.29975758907250544,
          0.02253907392881334,
          -0.9537491168750153,
          1155.8681780458105
        ],
        [
          0.024254544311975938,
          -0.9995777847065623,
          -0.015999043763298484,
          1.4926932845662093
        ],
        [
          0.0,
          0.0,
          0.0,
          1.0
        ]
      ],
      "camera_id": "CAM_FRONT",
      "fl_x": 316.6043007616385,
      "fl_y": 316.6043007616385,
      "cx": 204.0667549361996,
      "cy": 122.87676644823689,
      "w": 400,
      "h": 225
    },
    {
      "file_path": "images/CAM_FRONT_frame_0037.jpg",
      "transform_matrix": [
        [
          -0.9537393978065029,
          -0.01860207720465724,
          -0.3000585339485643,
          402.607425103651
        ],
        [
          0.2996329630954496,
          0.022588751782543652,
          -0.9537871018836165,
          1155.7670492099453
        ],
        [
          0.024520369049643352,
          -0.9995717638151745,
          -0.015969987009722107,
          1.4927319572867699
        ],
        [
          0.0,
          0.0,
          0.0,
          1.0
        ]
      ],
      "camera_id": "CAM_FRONT",
      "fl_x": 316.6043007616385,
      "fl_y": 316.6043007616385,
      "cx": 204.0667549361996,
      "cy": 122.87676644823689,
      "w": 400,
      "h": 225
    },
    {
      "file_path": "images/CAM_FRONT_frame_0038.jpg",
      "transform_matrix": [
        [
          -0.9540162430001636,
          -0.01910272493595123,
          -0.299145606673197,
          402.37728422854696
        ],
        [
          0.2986845649379173,
          0.02367996816407214,
          -0.9540580641531187,
          1155.063318039481
        ],
        [
          0.025308867214886465,
          -0.9995370653496398,
          -0.016885385175628417,
          1.491126075593674
        ],
        [
          0.0,
          0.0,
          0.0,
          1.0
        ]
      ],
      "camera_id": "CAM_FRONT",
      "fl_x": 316.6043007616385,
      "fl_y": 316.6043007616385,
      "cx": 204.0667549361996,
      "cy": 122.87676644823689,
      "w": 400,
      "h": 225
    },
    {
      "file_path": "images/CAM_FRONT_frame_0039.jpg",
      "transform_matrix": [
        [
          -0.9544721215333235,
          -0.02021295118282645,
          -0.29761452555303397,
          402.1589943289347
        ],
        [
          0.2970707887959633,
          0.026076319473844704,
          -0.9544993305428991,
          1154.374043668624
        ],
        [
          0.02705393982068175,
          -0.9994555828885938,
          -0.01888444261820485,
          1.4876103363802227
        ],
        [
          0.0,
          0.0,
          0.0,
          1.0
        ]
      ],
      "camera_id": "CAM_FRONT",
      "fl_x": 316.6043007616385,
      "fl_y": 316.6043007616385,
      "cx": 204.0667549361996,
      "cy": 122.87676644823689,
      "w": 400,
      "h": 225
    },
    {
      "file_path": "images/CAM_FRONT_frame_0040.jpg",
      "transform_matrix": [
        [
          -0.9546761148832312,
          -0.01936970962607774,
          -0.2970157066898336,
          402.04938943147795
        ],
        [
          0.2964662162174443,
          0.026902503662186827,
          -0.9546643587871176,
          1154.033497239994
        ],
        [
          0.02648203755702239,
          -0.9994503837838613,
          -0.019940713154774678,
          1.4858177947085356
        ],
        [
          0.0,
          0.0,
          0.0,
          1.0
        ]
      ],
      "camera_id": "CAM_FRONT",
      "fl_x": 316.6043007616385,
      "fl_y": 316.6043007616385,
      "cx": 204.0667549361996,
      "cy": 122.87676644823689,
      "w": 400,
      "h": 225
    },
    {
      "file_path": "images/CAM_FRONT_frame_0041.jpg",
      "transform_matrix": [
        [
          -0.9549695995115988,
          -0.019067673763680473,
          -0.29609033727208833,
          401.8289462997785
        ],
        [
          0.29552620360814535,
          0.027689500506540402,
          -0.9549332722984657,
          1153.3453986990253
        ],
        [
          0.026406949646148183,
          -0.9994346979062416,
          -0.020807633970388102,
          1.4843272306958224
        ],
        [
          0.0,
          0.0,
          0.0,
          1.0
        ]
      ],
      "camera_id": "CAM_FRONT",
      "fl_x": 316.6043007616385,
      "fl_y": 316.6043007616385,
      "cx": 204.0667549361996,
      "cy": 122.87676644823689,
      "w": 400,
      "h": 225
    },
    {
      "file_path": "images/CAM_FRONT_frame_0042.jpg",
      "transform_matrix": [
        [
          -0.955188841873058,
          -0.02042900893265147,
          -0.2952912663036881,
          401.6097883848456
        ],
        [
          0.294691184358237,
          0.027973486620701468,
          -0.9551830138291934,
          1152.656693699697
        ],
        [
          0.027773768608989745,
          -0.999399889754002,
          -0.020699713450751382,
          1.4844500214696643
        ],
        [
          0.0,
          0.0,
          0.0,
          1.0
        ]
      ],
      "camera_id": "CAM_FRONT",
      "fl_x": 316.6043007616385,
      "fl_y": 316.6043007616385,
      "cx": 204.0667549361996,
      "cy": 122.87676644823689,
      "w": 400,
      "h": 225
    },
    {
      "file_path": "images/CAM_FRONT_frame_0043.jpg",
      "transform_matrix": [
        [
          -0.9550386405429994,
          -0.02034292850648654,
          -0.2957826234408641,
          401.4172468029407
        ],
        [
          0.29518598500982834,
          0.027913447638310256,
          -0.9550319752211031,
          1152.062974438845
        ],
        [
          0.02768445996507009,
          -0.9994033243394398,
          -0.020653473696188415,
          1.4845339474972412
        ],
        [
          0.0,
          0.0,
          0.0,
          1.0
        ]
      ],
      "camera_id": "CAM_FRONT",
      "fl_x": 316.6043007616385,
      "fl_y": 316.6043007616385,
      "cx": 204.0667549361996,
      "cy": 122.87676644823689,
      "w": 400,
      "h": 225
    },
    {
      "file_path": "images/CAM_FRONT_frame_0044.jpg",
      "transform_matrix": [
        [
          -0.955477694698903,
          -0.020112752687619653,
          -0.2943770577205326,
          401.2830620537807
        ],
        [
          0.29376245061307427,
          0.028738668375467416,
          -0.9554463415335303,
          1151.631798757293
        ],
        [
          0.02767666061273105,
          -0.9993845936972071,
          -0.02155078509001816,
          1.4829869832368785
        ],
        [
          0.0,
          0.0,
          0.0,
          1.0
        ]
      ],
      "camera_id": "CAM_FRONT",
      "fl_x": 316.6043007616385,
      "fl_y": 316.6043007616385,
      "cx": 204.0667549361996,
      "cy": 122.87676644823689,
      "w": 400,
      "h": 225
    },
    {
      "file_path": "images/CAM_FRONT_frame_0045.jpg",
      "transform_matrix": [
        [
          -0.9560483951658116,
          -0.021000882244631862,
          -0.2924558582860392,
          401.0759523843701
        ],
        [
          0.2917661180776081,
          0.030687930884373132,
          -0.9559972715651234,
          1150.960354716654
        ],
        [
          0.029051651292140462,
          -0.9993083677439029,
          -0.02321180118424321,
          1.4800531779894435
        ],
        [
          0.0,
          0.0,
          0.0,
          1.0
        ]
      ],
      "camera_id": "CAM_FRONT",
      "fl_x": 316.6043007616385,
      "fl_y": 316.6043007616385,
      "cx": 204.0667549361996,
      "cy": 122.87676644823689,
      "w": 400,
      "h": 225
    },
    {
      "file_path": "images/CAM_FRONT_frame_0046.jpg",
      "transform_matrix": [
        [
          -0.9562887868099433,
          -0.021057972695615518,
          -0.29166473562554407,
          400.97161094378095
        ],
        [
          0.2909971481370884,
          0.029879449892763567,
          -0.9562572238943811,
          1150.6256641959217
        ],
        [
          0.02885162036436251,
          -0.9993316667953923,
          -0.022445572888526697,
          1.4813863079770218
        ],
        [
          0.0,
          0.0,
          0.0,
          1.0
        ]
      ],
      "camera_id": "CAM_FRONT",
      "fl_x": 316.6043007616385,
      "fl_y": 316.6043007616385,
      "cx": 204.0667549361996,
      "cy": 122.87676644823689,
      "w": 400,
      "h": 225
    },
    {
      "file_path": "images/CAM_FRONT_frame_0047.jpg",
      "transform_matrix": [
        [
          -0.9569325036725271,
          -0.01878900271260087,
          -0.2897018411955567,
          400.75898848673893
        ],
        [
          0.2891516488083105,
          0.02738824250276775,
          -0.9568914296638079,
          1149.9508788614555
        ],
        [
          0.025913459947779993,
          -0.9994482765754693,
          -0.020775828355551636,
          1.4844041994809318
        ],
        [
          0.0,
          0.0,
          0.0,
          1.0
        ]
      ],
      "camera_id": "CAM_FRONT",
      "fl_x": 316.6043007616385,
      "fl_y": 316.6043007616385,
      "cx": 204.0667549361996,
      "cy": 122.87676644823689,
      "w": 400,
      "h": 225
    },
    {
      "file_path": "images/CAM_FRONT_frame_0048.jpg",
      "transform_matrix": [
        [
          -0.9575936051618181,
          -0.017321431384843773,
          -0.2876012089125716,
          400.5566271043118
        ],
        [
          0.28715491523808845,
          0.024355189585476965,
          -0.9575744772052265,
          1149.293939557629
        ],
        [
          0.023591142570866,
          -0.9995532966055566,
          -0.018348439638439407,
          1.4886835158852636
        ],
        [
          0.0,
          0.0,
          0.0,
          1.0
        ]
      ],
      "camera_id": "CAM_FRONT",
      "fl_x": 316.6043007616385,
      "fl_y": 316.6043007616385,
      "cx": 204.0667549361996,
      "cy": 122.87676644823689,
      "w": 400,
      "h": 225
    },
    {
      "file_path": "images/CAM_FRONT_frame_0049.jpg",
      "transform_matrix": [
        [
          -0.9579379963832331,
          -0.01739785467252301,
          -0.28644739436425565,
          400.3879407125315
        ],
        [
