{
  "camera_model": "OPENCV",
  "fl_x": 633.208601523277,
  "fl_y": 633.208601523277,
  "cx": 408.1335098723992,
  "cy": 245.75353289647379,
  "w": 800,
  "h": 450,
  "k1": 0.0,
  "k2": 0.0,
  "p1": 0.0,
  "p2": 0.0,
  "frames": [
    {
      "file_path": "images/CAM_FRONT_frame_0000.jpg",
      "transform_matrix": [
        [
          -0.9401938079027312,
          -0.015119914667040057,
          -0.3403042635081546,
          410.7557848683522
        ],
        [
          0.33992635377485436,
          0.022987627695159423,
          -0.94017107112604,
          1179.2626508455178
        ],
        [
          0.02203809408044617,
          -0.9996214069103415,
          -0.016473167755208476,
          1.491968467858587
        ],
        [
          0.0,
          0.0,
          0.0,
          1.0
        ]
      ],
      "camera_id": "CAM_FRONT",
      "fl_x": 633.208601523277,
      "fl_y": 633.208601523277,
      "cx": 408.1335098723992,
      "cy": 245.75353289647379,
      "w": 800,
      "h": 450
    },
    {
      "file_path": "images/CAM_FRONT_LEFT_frame_0000.jpg",
      "transform_matrix": [
        [
          -0.819650102657742,
          -0.013143722865511099,
          0.5727136734550617,
          411.26602190047316
        ],
        [
          -0.5728631058811118,
          0.016618432014653524,
          -0.819482574334332,
          1179.2634028727366
        ],
        [
          0.0012534486039906321,
          -0.9997755099354099,
          -0.021150853410398695,
          1.4820413793750637
        ],
        [
          0.0,
          0.0,
          0.0,
          1.0
        ]
      ],
      "camera_id": "CAM_FRONT_LEFT",
      "fl_x": 636.2989735299244,
      "fl_y": 636.2989735299244,
      "cx": 413.3077463676904,
      "cy": 239.87582693180963,
      "w": 800,
      "h": 450
    },
    {
      "file_path": "images/CAM_FRONT_RIGHT_frame_0000.jpg",
      "transform_matrix": [
        [
          -0.23146896563761396,
          -0.0009093401538998389,
          -0.9728418633298743,
          410.32944850078906
        ],
        [
          0.9727724996885843,
          0.011761485647113112,
          -0.23146345565769275,
          1179.5794819531814
        ],
        [
          0.011652544626854888,
          -0.9999304178570916,
          -0.001837837822523069,
          1.4892158384396046
        ],
        [
          0.0,
          0.0,
          0.0,
          1.0
        ]
      ],
      "camera_id": "CAM_FRONT_RIGHT",
      "fl_x": 630.4237223002349,
      "fl_y": 630.4237223002349,
      "cx": 403.984122262777,
      "cy": 247.6672134371044,
      "w": 800,
      "h": 450
    },
    {
      "file_path": "images/CAM_BACK_frame_0000.jpg",
      "transform_matrix": [
        [
          0.9373457684798515,
          -0.014205508643640518,
          0.34811077811107166,
          411.3230968396795
        ],
        [
          -0.34747927000093726,
          0.03449474193854729,
          0.9370529705935584,
          1180.8351162635538
        ],
        [
          -0.025319305530283918,
          -0.9993039158848367,
          0.02739738061741741,
          1.578277811300595
        ],
        [
          0.0,
          0.0,
          0.0,
          1.0
        ]
      ],
      "camera_id": "CAM_BACK",
      "fl_x": 404.61049528385314,
      "fl_y": 404.61049528385314,
      "cx": 414.6098001629919,
      "cy": 240.88921192256242,
      "w": 800,
      "h": 450
    },
    {
      "file_path": "images/CAM_BACK_LEFT_frame_0000.jpg",
      "transform_matrix": [
        [
          -0.028172383164364465,
          -0.03238815459631722,
          0.9990782373111173,
          411.42681668501103
        ],
        [
          -0.9995160435309556,
          0.014101780852027953,
          -0.027727576544476495,
          1179.7234622353415
        ],
        [
          -0.013190737320888008,
          -0.9993758788457158,
          -0.032769760912843074,
          1.5690994281200787
        ],
        [
          0.0,
          0.0,
          0.0,
          1.0
        ]
      ],
      "camera_id": "CAM_BACK_LEFT",
      "fl_x": 628.3707406047703,
      "fl_y": 628.3707406047703,
      "cx": 396.0562870379814,
      "cy": 246.3878732575678,
      "w": 800,
      "h": 450
    },
    {
      "file_path": "images/CAM_BACK_RIGHT_frame_0000.jpg",
      "transform_matrix": [
        [
          0.6559900319754188,
          -0.01109689534321459,
          -0.7546879731800649,
          410.5277835923767
        ],
        [
          0.7547233744620218,
          -0.001416460854299164,
          0.6560416310565286,
          1180.0768101734036
        ],
        [
          -0.008349011291846042,
          -0.9999374243183369,
          0.007445902098379399,
          1.5613127459372338
        ],
        [
          0.0,
          0.0,
          0.0,
          1.0
        ]
      ],
      "camera_id": "CAM_BACK_RIGHT",
      "fl_x": 629.7568702923367,
      "fl_y": 629.7568702923367,
      "cx": 403.62645269193126,
      "cy": 250.59789942458264,
      "w": 800,
      "h": 450
    },
    {
      "file_path": "images/CAM_FRONT_frame_0001.jpg",
      "transform_matrix": [
        [
          -0.9402571710430225,
          -0.014943116420389946,
          -0.3401369659031783,
          410.70977105698245
        ],
        [
          0.3397536310584526,
          0.023368114865077037,
          -0.9402241229569951,
          1179.137526706944
        ],
        [
          0.021998238219689638,
          -0.9996152432207601,
          -0.016895059512489194,
          1.4912453285726384
        ],
        [
          0.0,
          0.0,
          0.0,
          1.0
        ]
      ],
      "camera_id": "CAM_FRONT",
      "fl_x": 633.208601523277,
      "fl_y": 633.208601523277,
      "cx": 408.1335098723992,
      "cy": 245.75353289647379,
      "w": 800,
      "h": 450
    },
    {
      "file_path": "images/CAM_FRONT_LEFT_frame_0001.jpg",
      "transform_matrix": [
        [
          -0.8195501881866352,
          -0.012965783706924966,
          0.5728606964141602,
          411.22000973718576
        ],
        [
          -0.5730067231549824,
          0.01699932404169338,
          -0.8193743455840655,
          1179.138371674082
        ],
        [
          0.0008855859307517595,
          -0.9997714295952803,
          -0.021361280452456718,
          1.4814108568891444
        ],
        [
          0.0,
          0.0,
          0.0,
          1.0
        ]
      ],
      "camera_id": "CAM_FRONT_LEFT",
      "fl_x": 636.2989735299244,
      "fl_y": 636.2989735299244,
      "cx": 413.3077463676904,
      "cy": 239.87582693180963,
      "w": 800,
      "h": 450
    },
    {
      "file_path": "images/CAM_FRONT_RIGHT_frame_0001.jpg",
      "transform_matrix": [
        [
          -0.23164107070865247,
          -0.0007305245474795684,
          -0.9728010488763034,
          410.2833798304561
        ],
        [
          0.9727275110974342,
          0.012144574746528781,
          -0.23163268003116194,
          1179.4542843632578
        ],
        [
          0.011983468410340935,
          -0.9999259850799518,
          -0.0021025809727223087,
          1.4885369772171064
        ],
        [
          0.0,
          0.0,
          0.0,
          1.0
        ]
      ],
      "camera_id": "CAM_FRONT_RIGHT",
      "fl_x": 630.4237223002349,
      "fl_y": 630.4237223002349,
      "cx": 403.984122262777,
      "cy": 247.6672134371044,
      "w": 800,
      "h": 450
    },
    {
      "file_path": "images/CAM_BACK_frame_0001.jpg",
      "transform_matrix": [
        [
          0.9374110451979657,
          -0.014030778872621802,
          0.34794204917641935,
          411.27679258964775
        ],
        [
          -0.3473057865404417,
          0.034875266142028946,
          0.937103199464738,
          1180.7100580110211
        ],
        [
          -0.02528285933954653,
          -0.9992931767283064,
          0.02781948899362554,
          1.5782599577319587
        ],
        [
          0.0,
          0.0,
          0.0,
          1.0
        ]
      ],
      "camera_id": "CAM_BACK",
      "fl_x": 404.61049528385314,
      "fl_y": 404.61049528385314,
      "cx": 414.6098001629919,
      "cy": 240.88921192256242,
      "w": 800,
      "h": 450
    },
    {
      "file_path": "images/CAM_BACK_LEFT_frame_0001.jpg",
      "transform_matrix": [
        [
          -0.02799531786496838,
          -0.03220984729824414,
          0.9990889789776803,
          411.38070836790797
        ],
        [
          -0.9995158207128715,
          0.014479158053247166,
          -0.027540481599721486,
          1179.5984257184728
        ],
        [
          -0.013578892529028014,
          -0.9993762453245989,
          -0.03259960058945854,
          1.5686743087450628
        ],
        [
          0.0,
          0.0,
          0.0,
          1.0
        ]
      ],
      "camera_id": "CAM_BACK_LEFT",
      "fl_x": 628.3707406047703,
      "fl_y": 628.3707406047703,
      "cx": 396.0562870379814,
      "cy": 246.3878732575678,
      "w": 800,
      "h": 450
    },
    {
      "file_path": "images/CAM_BACK_RIGHT_frame_0001.jpg",
      "transform_matrix": [
        [
          0.655859623706491,
          -0.01091577512977199,
          -0.7548039479526434,
          410.48161496004906
        ],
        [
          0.75484110478316,
          -0.0010351476017680834,
          0.655906879823029,
          1179.9516195542549
        ],
        [
          -0.00794106550274689,
          -0.999939885354494,
          0.007560764241945558,
          1.5608603651786572
        ],
        [
          0.0,
          0.0,
          0.0,
          1.0
        ]
      ],
      "camera_id": "CAM_BACK_RIGHT",
      "fl_x": 629.7568702923367,
      "fl_y": 629.7568702923367,
      "cx": 403.62645269193126,
      "cy": 250.59789942458264,
      "w": 800,
      "h": 450
    },
    {
      "file_path": "images/CAM_FRONT_frame_0002.jpg",
      "transform_matrix": [
        [
          -0.9410879902653349,
          -0.01588826042595558,
          -0.33778833277511255,
          410.40065095332744
        ],
        [
          0.337317981790909,
          0.026415805046409332,
          -0.94102007651498,
          1178.2754978561568
        ],
        [
          0.023874122787261635,
          -0.9995247712910307,
          -0.019500200941314678,
          1.486689580604785
        ],
        [
          0.0,
          0.0,
          0.0,
          1.0
        ]
      ],
      "camera_id": "CAM_FRONT",
      "fl_x": 633.208601523277,
      "fl_y": 633.208601523277,
      "cx": 408.1335098723992,
      "cy": 245.75353289647379,
      "w": 800,
      "h": 450
    },
    {
      "file_path": "images/CAM_FRONT_LEFT_frame_0002.jpg",
      "transform_matrix": [
        [
          -0.8181067559626622,
          -0.013895071007368743,
          0.5748984804728128,
          410.9108769777701
        ],
        [
          -0.5750663518031247,
          0.020052520442380678,
          -0.8178609829596671,
          1178.27765658977
        ],
        [
          -0.0001639270995936696,
          -0.9997023674202277,
          -0.02439569024024392,
          1.4764092387325034
        ],
        [
          0.0,
          0.0,
          0.0,
          1.0
        ]
      ],
      "camera_id": "CAM_FRONT_LEFT",
      "fl_x": 636.2989735299244,
      "fl_y": 636.2989735299244,
      "cx": 413.3077463676904,
      "cy": 239.87582693180963,
      "w": 800,
      "h": 450
    },
    {
      "file_path": "images/CAM_FRONT_RIGHT_frame_0002.jpg",
      "transform_matrix": [
        [
          -0.2340736979085323,
          -0.0016477942934312456,
          -0.9722174595847332,
          409.9734629527872
        ],
        [
          0.9721001580928399,
          0.015229062379399803,
          -0.2340712675552495,
          1178.5911888474495
        ],
        [
          0.015191661637291097,
          -0.9998826733337323,
          -0.0019629018536773315,
          1.4853344901764998
        ],
        [
          0.0,
          0.0,
          0.0,
          1.0
        ]
      ],
      "camera_id": "CAM_FRONT_RIGHT",
      "fl_x": 630.4237223002349,
      "fl_y": 630.4237223002349,
      "cx": 403.984122262777,
      "cy": 247.6672134371044,
      "w": 800,
      "h": 450
    },
    {
      "file_path": "images/CAM_BACK_frame_0002.jpg",
      "transform_matrix": [
        [
          0.9382579372022897,
          -0.015004553387443796,
          0.3456109180198853,
          410.96379649511033
        ],
        [
          -0.34486709787012787,
          0.03792416582580574,
          0.9378850902179076,
          1179.8491743559105
        ],
        [
          -0.02717955267365707,
          -0.9991679643703856,
          0.030408072816272814,
          1.5780626586364828
        ],
        [
          0.0,
          0.0,
          0.0,
          1.0
        ]
      ],
      "camera_id": "CAM_BACK",
      "fl_x": 404.61049528385314,
      "fl_y": 404.61049528385314,
      "cx": 414.6098001629919,
      "cy": 240.88921192256242,
      "w": 800,
      "h": 450
    },
    {
      "file_path": "images/CAM_BACK_LEFT_frame_0002.jpg",
      "transform_matrix": [
        [
          -0.02549587551313463,
          -0.03313238365396767,
          0.9991257205603434,
          411.0704964927912
        ],
        [
          -0.9995364014966331,
          0.01748274950562813,
          -0.024926603316237927,
          1178.7378418452645
        ],
        [
          -0.01664158691292281,
          -0.9992980529467321,
          -0.033562761535515545,
          1.5649520236217596
        ],
        [
          0.0,
          0.0,
          0.0,
          1.0
        ]
      ],
      "camera_id": "CAM_BACK_LEFT",
      "fl_x": 628.3707406047703,
      "fl_y": 628.3707406047703,
      "cx": 396.0562870379814,
      "cy": 246.3878732575678,
      "w": 800,
      "h": 450
    },
    {
      "file_path": "images/CAM_BACK_RIGHT_frame_0002.jpg",
      "transform_matrix": [
        [
          0.6539536382301144,
          -0.011799905655515997,
          -0.7564425961512992,
          410.17051191156287
        ],
        [
          0.7565093343453764,
          0.002023868169061995,
          0.6539797634529297,
          1179.0887954853665
        ],
        [
          -0.006185959417288077,
          -0.9999283305238206,
          0.010250254725249073,
          1.5590194479453638
        ],
        [
          0.0,
          0.0,
          0.0,
          1.0
        ]
      ],
      "camera_id": "CAM_BACK_RIGHT",
      "fl_x": 629.7568702923367,
      "fl_y": 629.7568702923367,
      "cx": 403.62645269193126,
      "cy": 250.59789942458264,
      "w": 800,
      "h": 450
    },
    {
      "file_path": "images/CAM_FRONT_frame_0003.jpg",
      "transform_matrix": [
        [
          -0.9409705777470457,
          -0.018378743877727775,
          -0.3379890435914578,
          410.0857633742269
        ],
        [
          0.33749091756913785,
          0.025658694669921968,
          -0.940979017803361,
          1177.4256366852296
        ],
        [
          0.025966370033815946,
          -0.9995018024802721,
          -0.017941417612729122,
          1.4892820027224085
        ],
        [
          0.0,
          0.0,
          0.0,
          1.0
        ]
      ],
      "camera_id": "CAM_FRONT",
      "fl_x": 633.208601523277,
      "fl_y": 633.208601523277,
      "cx": 408.1335098723992,
      "cy": 245.75353289647379,
      "w": 800,
      "h": 450
    },
    {
      "file_path": "images/CAM_FRONT_LEFT_frame_0003.jpg",
      "transform_matrix": [
        [
          -0.818198163476024,
          -0.016387039220996505,
          0.5747027320537387,
          410.59596249383236
        ],
        [
          -0.5749316521307208,
          0.01929494894855545,
          -0.8179738995367228,
          1177.4277036273581
        ],
        [
          0.0023153104978875273,
          -0.999679533595963,
          -0.025208519326930127,
          1.4777265848404675
        ],
        [
          0.0,
          0.0,
          0.0,
          1.0
        ]
      ],
      "camera_id": "CAM_FRONT_LEFT",
      "fl_x": 636.2989735299244,
      "fl_y": 636.2989735299244,
      "cx": 413.3077463676904,
      "cy": 239.87582693180963,
      "w": 800,
      "h": 450
    },
    {
      "file_path": "images/CAM_FRONT_RIGHT_frame_0003.jpg",
      "transform_matrix": [
        [
          -0.23387689590670618,
          -0.004141035595742797,
          -0.9722573987300068,
          409.65862468753596
        ],
        [
          0.9721499366507778,
          0.014469339545566909,
          -0.23391267362630278,
          1177.7413968610015
        ],
        [
          0.015036563135695815,
          -0.9998867386045833,
          0.0006416632733321336,
          1.4887530533284126
        ],
        [
          0.0,
          0.0,
          0.0,
          1.0
        ]
      ],
      "camera_id": "CAM_FRONT_RIGHT",
      "fl_x": 630.4237223002349,
      "fl_y": 630.4237223002349,
      "cx": 403.984122262777,
      "cy": 247.6672134371044,
      "w": 800,
      "h": 450
    },
    {
      "file_path": "images/CAM_BACK_frame_0003.jpg",
      "transform_matrix": [
        [
          0.9381310549615626,
          -0.017492276710812583,
          0.34583832056638636,
          410.64939124472085
        ],
        [
          -0.3450420779599086,
          0.037167177723077566,
          0.9378510357925772,
          1178.9992894729498
        ],
        [
          -0.02925898415554735,
          -0.999155954371275,
          0.028832112142746037,
          1.5780524583894124
        ],
        [
          0.0,
          0.0,
          0.0,
          1.0
        ]
      ],
      "camera_id": "CAM_BACK",
      "fl_x": 404.61049528385314,
      "fl_y": 404.61049528385314,
      "cx": 414.6098001629919,
      "cy": 240.88921192256242,
      "w": 800,
      "h": 450
    },
    {
      "file_path": "images/CAM_BACK_LEFT_frame_0003.jpg",
      "transform_matrix": [
        [
          -0.02569994815047507,
          -0.035623700588333265,
          0.9990347664728472,
          410.755877381409
        ],
        [
          -0.9995445518374433,
          0.01672865232610338,
          -0.025116549990738243,
          1177.8879297717476
        ],
        [
          -0.015817760813332152,
          -0.9992252519566072,
          -0.036037401336765036,
          1.5655207102582442
        ],
        [
          0.0,
          0.0,
          0.0,
          1.0
        ]
      ],
      "camera_id": "CAM_BACK_LEFT",
      "fl_x": 628.3707406047703,
      "fl_y": 628.3707406047703,
      "cx": 396.0562870379814,
      "cy": 246.3878732575678,
      "w": 800,
      "h": 450
    },
    {
      "file_path": "images/CAM_BACK_RIGHT_frame_0003.jpg",
      "transform_matrix": [
        [
          0.654059228821211,
          -0.014295377515050313,
          -0.7563082489140952,
          409.8559379044788
        ],
        [
          0.7563967709866202,
          0.001265785538862623,
          0.6541118578866952,
          1178.2390269229518
        ],
        [
          -0.008393451901163338,
          -0.9998970146813478,
          0.011640876105820534,
          1.5615675238554896
        ],
        [
          0.0,
          0.0,
          0.0,
          1.0
        ]
      ],
      "camera_id": "CAM_BACK_RIGHT",
      "fl_x": 629.7568702923367,
      "fl_y": 629.7568702923367,
      "cx": 403.62645269193126,
      "cy": 250.59789942458264,
      "w": 800,
      "h": 450
    },
    {
      "file_path": "images/CAM_FRONT_frame_0004.jpg",
      "transform_matrix": [
        [
          -0.940953616151313,
          -0.018237172715226343,
          -0.33804392877719747,
          409.92408160934997
        ],
        [
          0.3375742264455903,
          0.024650813334187983,
          -0.9409760778264372,
          1177.0025727620505
        ],
        [
          0.0254938010392592,
          -0.9995297609042556,
          -0.017038872475978156,
          1.4908542860301874
        ],
        [
          0.0,
          0.0,
          0.0,
          1.0
        ]
      ],
      "camera_id": "CAM_FRONT",
      "fl_x": 633.208601523277,
      "fl_y": 633.208601523277,
      "cx": 408.1335098723992,
      "cy": 245.75353289647379,
      "w": 800,
      "h": 450
    },
    {
      "file_path": "images/CAM_FRONT_LEFT_frame_0004.jpg",
      "transform_matrix": [
        [
          -0.8182335506417172,
          -0.016245831391792125,
          0.5746563578058087,
          410.4342824677206
        ],
        [
          -0.5748792242415066,
          0.018286770231716105,
          -0.8180339061249089,
          1177.0045969866705
        ],
        [
          0.0027810321342847427,
          -0.9997007887347503,
          -0.02430223988413808,
          1.4793682853808114
        ],
        [
          0.0,
          0.0,
          0.0,
          1.0
        ]
      ],
      "camera_id": "CAM_FRONT_LEFT",
      "fl_x": 636.2989735299244,
      "fl_y": 636.2989735299244,
      "cx": 413.3077463676904,
      "cy": 239.87582693180963,
      "w": 800,
      "h": 450
    },
    {
      "file_path": "images/CAM_FRONT_RIGHT_frame_0004.jpg",
      "transform_matrix": [
        [
          -0.23381969563673347,
          -0.004000093260440868,
          -0.9722717465741015,
          409.49696226396793
        ],
        [
          0.9721788528108214,
          0.013460208817598695,
          -0.2338527334157617,
          1177.3183582385886
        ],
        [
          0.014022413479210691,
          -0.9999014061558744,
          0.0007415441481333981,
          1.489946725032329
        ],
        [
          0.0,
          0.0,
          0.0,
          1.0
        ]
      ],
      "camera_id": "CAM_FRONT_RIGHT",
      "fl_x": 630.4237223002349,
      "fl_y": 630.4237223002349,
      "cx": 403.984122262777,
      "cy": 247.6672134371044,
      "w": 800,
      "h": 450
    },
    {
      "file_path": "images/CAM_BACK_frame_0004.jpg",
      "transform_matrix": [
        [
          0.9381140939721314,
          -0.01735005195468392,
          0.3458914893257959,
          410.4877930358078
        ],
        [
          -0.34512853401780136,
          0.036159585680623524,
          0.9378586137420337,
          1178.5762800547666
        ],
        [
          -0.02877918861904657,
          -0.9991954063448129,
          0.02793381896293293,
          1.578115107873427
        ],
        [
          0.0,
          0.0,
          0.0,
          1.0
        ]
      ],
      "camera_id": "CAM_BACK",
      "fl_x": 404.61049528385314,
      "fl_y": 404.61049528385314,
      "cx": 414.6098001629919,
      "cy": 240.88921192256242,
      "w": 800,
      "h": 450
    },
    {
      "file_path": "images/CAM_BACK_LEFT_frame_0004.jpg",
      "transform_matrix": [
        [
          -0.025758707110369913,
          -0.03548271271941762,
          0.9990382705913092,
          410.5942131306748
        ],
        [
          -0.9995584444180063,
          0.01572210428226786,
          -0.025213719075004838,
          1177.464901790345
        ],
        [
          -0.014812332721686578,
          -0.9992466124711201,
          -0.035872026208917746,
          1.5667201855740729
        ],
        [
          0.0,
          0.0,
          0.0,
          1.0
        ]
      ],
      "camera_id": "CAM_BACK_LEFT",
      "fl_x": 628.3707406047703,
      "fl_y": 628.3707406047703,
      "cx": 396.0562870379814,
      "cy": 246.3878732575678,
      "w": 800,
      "h": 450
    },
    {
      "file_path": "images/CAM_BACK_RIGHT_frame_0004.jpg",
      "transform_matrix": [
        [
          0.6541065391677463,
          -0.014155239074567928,
          -0.756269968083313,
          409.69429563587505
        ],
        [
          0.7563481041845027,
          0.0002572691957601486,
          0.6541693046215709,
          1177.8160495427783
        ],
        [
          -0.009065357935695916,
          -0.999899776487275,
          0.010874569701601205,
          1.562286460453967
        ],
        [
          0.0,
          0.0,
          0.0,
          1.0
        ]
      ],
      "camera_id": "CAM_BACK_RIGHT",
      "fl_x": 629.7568702923367,
      "fl_y": 629.7568702923367,
      "cx": 403.62645269193126,
      "cy": 250.59789942458264,
      "w": 800,
      "h": 450
    },
    {
      "file_path": "images/CAM_FRONT_frame_0005.jpg",
      "transform_matrix": [
        [
          -0.9411680327579715,
          -0.019306220127425593,
          -0.33738702402268256,
          409.615263145158
        ],
        [
          0.3368911519199435,
          0.02495598250992411,
          -0.9412128083993646,
          1176.161136854242
        ],
        [
          0.026591086336295953,
          -0.9995021104536778,
          -0.016983678226459346,
          1.4909000954052583
        ],
        [
          0.0,
          0.0,
          0.0,
          1.0
        ]
      ],
      "camera_id": "CAM_FRONT",
      "fl_x": 633.208601523277,
      "fl_y": 633.208601523277,
      "cx": 408.1335098723992,
      "cy": 245.75353289647379,
      "w": 800,
      "h": 450
    },
    {
      "file_path": "images/CAM_FRONT_LEFT_frame_0005.jpg",
      "transform_matrix": [
        [
          -0.8178178509887017,
          -0.01731049815247709,
          0.575216749806484,
          410.12545005711854
        ],
        [
          -0.5754667709567068,
          0.01859342401583503,
          -0.8176137719657303,
          1176.1635306522
        ],
        [
          0.003458052758890168,
          -0.9996772635391286,
          -0.02516765054660993,
          1.4788781914839841
        ],
        [
          0.0,
          0.0,
          0.0,
          1.0
        ]
      ],
      "camera_id": "CAM_FRONT_LEFT",
      "fl_x": 636.2989735299244,
      "fl_y": 636.2989735299244,
      "cx": 413.3077463676904,
      "cy": 239.87582693180963,
      "w": 800,
      "h": 450
    },
    {
      "file_path": "images/CAM_FRONT_RIGHT_frame_0005.jpg",
      "transform_matrix": [
        [
          -0.23450167825864174,
          -0.005061520970835683,
          -0.9721025377496674,
          409.18791681527665
        ],
        [
          0.9720063928700392,
          0.013775710625534985,
          -0.23455021214345176,
          1176.4766161919558
        ],
        [
          0.014578584075865484,
          -0.999892299601424,
          0.001689403480404186,
          1.4905425041791611
        ],
        [
          0.0,
          0.0,
          0.0,
          1.0
        ]
      ],
      "camera_id": "CAM_FRONT_RIGHT",
      "fl_x": 630.4237223002349,
      "fl_y": 630.4237223002349,
      "cx": 403.984122262777,
      "cy": 247.6672134371044,
      "w": 800,
      "h": 450
    },
    {
      "file_path": "images/CAM_BACK_frame_0005.jpg",
      "transform_matrix": [
        [
          0.9383304724545426,
          -0.018426998631276698,
          0.3452482732537248,
          410.17793776594186
        ],
        [
          -0.34444644758765564,
          0.03646528109667753,
          0.9380975045371271,
          1177.7352201726555
        ],
        [
          -0.029875896764449177,
          -0.9991650158987669,
          0.027869370221387163,
          1.5780702985364141
        ],
        [
          0.0,
          0.0,
          0.0,
          1.0
        ]
      ],
      "camera_id": "CAM_BACK",
      "fl_x": 404.61049528385314,
      "fl_y": 404.61049528385314,
      "cx": 414.6098001629919,
      "cy": 240.88921192256242,
      "w": 800,
      "h": 450
    },
    {
      "file_path": "images/CAM_BACK_LEFT_frame_0005.jpg",
      "transform_matrix": [
        [
          -0.025057717587560004,
          -0.036545047631341754,
          0.9990178027857791,
          410.2851424978021
        ],
        [
          -0.999571894514565,
          0.016014817526096865,
          -0.024485777834687056,
          1176.623922203256
        ],
        [
          -0.01510425389967737,
          -0.999203675490252,
          -0.03693069727077054,
          1.5662087577886137
        ],
        [
          0.0,
          0.0,
          0.0,
          1.0
        ]
      ],
      "camera_id": "CAM_BACK_LEFT",
      "fl_x": 628.3707406047703,
      "fl_y": 628.3707406047703,
      "cx": 396.0562870379814,
      "cy": 246.3878732575678,
      "w": 800,
      "h": 450
    },
    {
      "file_path": "images/CAM_BACK_RIGHT_frame_0005.jpg",
      "transform_matrix": [
        [
          0.6535542732136806,
          -0.015207192103829011,
          -0.756726868343166,
          409.38496934241823
        ],
        [
          0.756819883882417,
          0.0005654912653856176,
          0.6536232428393546,
          1176.9744258372564
        ],
        [
          -0.00951185178305513,
          -0.9998842040596231,
          0.011878684595155481,
          1.5628335122502905
        ],
        [
          0.0,
          0.0,
          0.0,
          1.0
        ]
      ],
      "camera_id": "CAM_BACK_RIGHT",
      "fl_x": 629.7568702923367,
      "fl_y": 629.7568702923367,
      "cx": 403.62645269193126,
      "cy": 250.59789942458264,
      "w": 800,
      "h": 450
    },
    {
      "file_path": "images/CAM_FRONT_frame_0006.jpg",
      "transform_matrix": [
        [
          -0.9421247287340405,
          -0.01703352241338887,
          -0.33482959042175847,
          409.207186268587
        ],
        [
          0.33432670143753684,
          0.02683802880458959,
          -0.9420750378371034,
          1175.0401966308432
        ],
        [
          0.025033022464460545,
          -0.9994946619787806,
          -0.01959000924494982,
          1.486485951090205
        ],
        [
          0.0,
          0.0,
          0.0,
          1.0
        ]
      ],
      "camera_id": "CAM_FRONT",
      "fl_x": 633.208601523277,
      "fl_y": 633.208601523277,
      "cx": 408.1335098723992,
      "cy": 245.75353289647379,
      "w": 800,
      "h": 450
    },
    {
      "file_path": "images/CAM_FRONT_LEFT_frame_0006.jpg",
      "transform_matrix": [
        [
          -0.8162827483308048,
          -0.015020398050621248,
          0.5774572386072476,
          409.71739169974853
        ],
        [
          -0.5776523953450742,
          0.020481168609382844,
          -0.8160258769698984,
          1175.0439749285754
        ],
        [
          0.0004300344230715272,
          -0.9996774026528733,
          -0.025394993514471477,
          1.4756654123843203
        ],
        [
          0.0,
          0.0,
          0.0,
          1.0
        ]
      ],
      "camera_id": "CAM_FRONT_LEFT",
      "fl_x": 636.2989735299244,
      "fl_y": 636.2989735299244,
      "cx": 413.3077463676904,
      "cy": 239.87582693180963,
      "w": 800,
      "h": 450
    },
    {
      "file_path": "images/CAM_FRONT_RIGHT_frame_0006.jpg",
      "transform_matrix": [
        [
          -0.237132175229071,
          -0.002758118707782994,
          -0.9714734809825345,
          408.77900029886416
        ],
        [
          0.9713472240377767,
          0.015696579496763695,
          -0.23714592078761854,
          1175.3545347234851
        ],
        [
          0.015902887323838683,
          -0.9998729970217698,
          -0.0010430730893524458,
          1.4857343490394601
        ],
        [
          0.0,
          0.0,
          0.0,
          1.0
        ]
      ],
      "camera_id": "CAM_FRONT_RIGHT",
      "fl_x": 630.4237223002349,
      "fl_y": 630.4237223002349,
      "cx": 403.984122262777,
      "cy": 247.6672134371044,
      "w": 800,
      "h": 450
    },
    {
      "file_path": "images/CAM_BACK_frame_0006.jpg",
      "transform_matrix": [
        [
          0.9393150670841419,
          -0.016185856021387363,
          0.34267363892422237,
          409.76544631000195
        ],
        [
          -0.34188317212402,
          0.038348958615982504,
          0.9389596657958672,
          1176.6156040555397
        ],
        [
          -0.028339043158354903,
          -0.9991333121450433,
          0.030488082834843912,
          1.5780110234279232
        ],
        [
          0.0,
          0.0,
          0.0,
          1.0
        ]
      ],
      "camera_id": "CAM_BACK",
      "fl_x": 404.61049528385314,
      "fl_y": 404.61049528385314,
      "cx": 414.6098001629919,
      "cy": 240.88921192256242,
      "w": 800,
      "h": 450
    },
    {
      "file_path": "images/CAM_BACK_LEFT_frame_0006.jpg",
      "transform_matrix": [
        [
          -0.02235067877622784,
          -0.03424904278031358,
          0.999163375142861,
          409.8756482640672
        ],
        [
          -0.9996041020329828,
          0.017850339256553514,
          -0.021748668631885175,
          1175.5046211077397
        ],
        [
          -0.01709053413663479,
          -0.9992539059003264,
          -0.034634450852674525,
          1.5642579695068286
        ],
        [
          0.0,
          0.0,
          0.0,
          1.0
        ]
      ],
      "camera_id": "CAM_BACK_LEFT",
      "fl_x": 628.3707406047703,
      "fl_y": 628.3707406047703,
      "cx": 396.0562870379814,
      "cy": 246.3878732575678,
      "w": 800,
      "h": 450
    },
    {
      "file_path": "images/CAM_BACK_RIGHT_frame_0006.jpg",
      "transform_matrix": [
        [
          0.6515496778894905,
          -0.012868438150872968,
          -0.7584968164347543,
          408.9745519066939
        ],
        [
          0.7585779557298149,
          0.002459346060219223,
          0.6515776520858663,
          1175.8527275723272
        ],
        [
          -0.0065193805591704426,
          -0.999914173775186,
          0.011364099639279607,
          1.5594472060794833
        ],
        [
          0.0,
          0.0,
          0.0,
          1.0
        ]
      ],
      "camera_id": "CAM_BACK_RIGHT",
      "fl_x": 629.7568702923367,
      "fl_y": 629.7568702923367,
      "cx": 403.62645269193126,
      "cy": 250.59789942458264,
      "w": 800,
      "h": 450
    },
    {
      "file_path": "images/CAM_FRONT_frame_0007.jpg",
      "transform_matrix": [
        [
          -0.9421936844323796,
          -0.01637526004773871,
          -0.3346683610294033,
          409.1622471875186
        ],
        [
          0.33418200194599407,
          0.02669272142388339,
          -0.942130504865624,
          1174.9195490334898
        ],
        [
          0.024360841346427416,
          -0.9995095544722702,
          -0.01967739636075636,
          1.4863641115557267
        ],
        [
          0.0,
          0.0,
          0.0,
          1.0
        ]
      ],
      "camera_id": "CAM_FRONT",
      "fl_x": 633.208601523277,
      "fl_y": 633.208601523277,
      "cx": 408.1335098723992,
      "cy": 245.75353289647379,
      "w": 800,
      "h": 450
    },
    {
      "file_path": "images/CAM_FRONT_LEFT_frame_0007.jpg",
      "transform_matrix": [
        [
          -0.8161919922647535,
          -0.014361015238150752,
          0.5776022792581609,
          409.67245907806495
        ],
        [
          -0.5777807810498575,
          0.020336152104878904,
          -0.8159386067388796,
          1174.9234060791484
        ],
        [
          -2.85010423461355e-05,
          -0.9996900530458912,
          -0.0248957231024478,
          1.475881195822212
        ],
        [
          0.0,
          0.0,
          0.0,
          1.0
        ]
      ],
      "camera_id": "CAM_FRONT_LEFT",
      "fl_x": 636.2989735299244,
      "fl_y": 636.2989735299244,
      "cx": 413.3077463676904,
      "cy": 239.87582693180963,
      "w": 800,
      "h": 450
    },
    {
      "file_path": "images/CAM_FRONT_RIGHT_frame_0007.jpg",
      "transform_matrix": [
        [
          -0.2372954318868504,
          -0.002097856589776412,
          -0.971435266501769,
          408.7340123770257
        ],
        [
          0.971312153453829,
          0.01555346492950084,
          -0.23729894707219745,
          1175.2338196272751
        ],
        [
          0.01560700350867781,
          -0.9998768367786184,
          -0.0016530925759303573,
          1.4852838231933427
        ],
        [
          0.0,
          0.0,
          0.0,
          1.0
        ]
      ],
      "camera_id": "CAM_FRONT_RIGHT",
      "fl_x": 630.4237223002349,
      "fl_y": 630.4237223002349,
      "cx": 403.984122262777,
      "cy": 247.6672134371044,
      "w": 800,
      "h": 450
    },
    {
      "file_path": "images/CAM_BACK_frame_0007.jpg",
      "transform_matrix": [
        [
          0.9393874031749084,
          -0.015529643770004705,
          0.3425056742897546,
          409.72019865920026
        ],
        [
          -0.3417393863877193,
          0.038203835938554184,
          0.9390179224652347,
          1176.4950573376464
        ],
        [
          -0.027667644418124502,
          -0.9991492866854066,
          0.03058111130085727,
          1.5780342008858694
        ],
        [
          0.0,
          0.0,
          0.0,
          1.0
        ]
      ],
      "camera_id": "CAM_BACK",
      "fl_x": 404.61049528385314,
      "fl_y": 404.61049528385314,
      "cx": 414.6098001629919,
      "cy": 240.88921192256242,
      "w": 800,
      "h": 450
    },
    {
      "file_path": "images/CAM_BACK_LEFT_frame_0007.jpg",
      "transform_matrix": [
        [
          -0.022182130551578663,
          -0.03358952243582519,
          0.9991895200945247,
          409.8305844359853
        ],
        [
          -0.9996100356399931,
          0.017702357192083545,
          -0.021596370011089296,
          1175.3840897950872
        ],
        [
          -0.016962598032279928,
          -0.9992789252918212,
          -0.03396909971751105,
          1.5645128423000814
        ],
        [
          0.0,
          0.0,
          0.0,
          1.0
        ]
      ],
      "camera_id": "CAM_BACK_LEFT",
      "fl_x": 628.3707406047703,
      "fl_y": 628.3707406047703,
      "cx": 396.0562870379814,
      "cy": 246.3878732575678,
      "w": 800,
      "h": 450
    },
    {
      "file_path": "images/CAM_BACK_RIGHT_frame_0007.jpg",
      "transform_matrix": [
        [
          0.6514345406412656,
          -0.012206064476072902,
          -0.7586066512030523,
          408.9294367270381
        ],
        [
          0.7586795440288782,
          0.0023146348339135106,
          0.6514598928082368,
          1175.7320537579349
        ],
        [
          -0.00619586407507988,
          -0.9999228242497474,
          0.01076832451087701,
          1.559055130101539
        ],
        [
          0.0,
          0.0,
          0.0,
          1.0
        ]
      ],
      "camera_id": "CAM_BACK_RIGHT",
      "fl_x": 629.7568702923367,
      "fl_y": 629.7568702923367,
      "cx": 403.62645269193126,
      "cy": 250.59789942458264,
      "w": 800,
      "h": 450
    },
    {
      "file_path": "images/CAM_FRONT_frame_0008.jpg",
      "transform_matrix": [
        [
          -0.9426078211608825,
          -0.012953017363457898,
          -0.33365058793222074,
          408.8599347596804
        ],
        [
          0.3332340498664404,
          0.026676373717549648,
          -0.9424666779758812,
          1174.0984209428611
        ],
        [
          0.02110837501906212,
          -0.9995601985005523,
          -0.02082897207235764,
          1.4845087604588358
        ],
        [
          0.0,
          0.0,
          0.0,
          1.0
        ]
      ],
      "camera_id": "CAM_FRONT",
      "fl_x": 633.208601523277,
      "fl_y": 633.208601523277,
